4712
4715
4718
4720
4721
4723
4725
4726
4728
4750
4751
4752
4753
4756
4758
4780
4781
4782
4783
4785
4786
4803
4806
4807
4830
4831
4832
4835
4836
4837
4860
4861
4862
4863
4865
4867
4870
4871
4872
4873
4875
4876
7120
7123
7124
7125
7126
7128
7142
7145
7148
7150
7152
7153
7154
7156
7158
7180
7182
7183
7184
7185
7186
7201
7203
7204
7205
7206
7208
7210
7213
7214
7215
7216
7218
7230
7231
7234
7235
7236
7238
7240
7241
7243
7245
7246
7248
7250
7251
7253
7254
7256
7258
7260
7261
7263
7264
7265
7268
7280
7281
7283
7284
7285
7286
7412
7415
7418
7420
7421
7423
7425
7426
7428
7450
7451
7452
7453
7456
7458
7480
7481
7482
7483
7485
7486
7501
7502
7503
7504
7506
7508
7510
7512
7513
7514
7516
7518
7520
7521
7523
7524
7526
7528
7530
7531
7532
7534
7536
7538
7540
7541
7542
7543
7546
7548
7560
7561
7562
7563
7564
7568
7580
7581
7582
7583
7584
7586
7801
7802
7803
7804
7805
7806
7810
7812
7813
7814
7815
7816
7820
7821
7823
7824
7825
7826
7830
7831
7832
7834
7835
7836
7840
7841
7842
7843
7845
7846
7850
7851
7852
7853
7854
7856
7860
7861
7862
7863
7864
7865
8031
8032
8034
8035
8036
8037
8043
8046
8047
8061
8062
8063
8064
8065
8067
8071
8072
8073
8074
8075
8076
8301
8302
8304
8305
8306
8307
8310
8312
8314
8315
8316
8317
8320
8321
8324
8325
8326
8327
8340
8341
8342
8345
8346
8347
8350
8351
8352
8354
8356
8357
8360
8361
8362
8364
8365
8367
8370
8371
8372
8374
8375
8376
8403
8406
8407
8430
8431
8432
8435
8436
8437
8460
8461
8462
8463
8465
8467
8470
8471
8472
8473
8475
8476
8601
8602
8603
8604
8605
8607
8610
8612
8613
8614
8615
8617
8620
8621
8623
8624
8625
8627
8630
8631
8632
8634
8635
8637
8640
8641
8642
8643
8645
8647
8650
8651
8652
8653
8654
8657
8670
8671
8672
8673
8674
8675
8701
8702
8703
8704
8705
8706
8710
8712
8713
8714
8715
8716
8720
8721
8723
8724
8725
8726
8730
8731
8732
8734
8735
8736
8740
8741
8742
8743
8745
8746
8750
8751
8752
8753
8754
8756
8760
8761
8762
8763
8764
8765
