121210000
121201000
121200100
121200010
121200001
121120000
121020100
121020010
121100200
121010200
121001200
121000210
121000201
121100020
121010020
121000120
122110000
122101000
122100100
122100010
122100001
120121000
120120100
120120010
120120001
120112000
120102100
120102010
120102001
120110200
120101200
120100210
120100201
120110020
120101020
120100120
120100021
120110002
120101002
120100102
120100012
122011000
122010100
122010010
122010001
120211000
120210001
120012100
120012010
120012001
120011200
120010210
120010201
120011020
120010120
120010021
120011002
120010102
120010012
122001100
122001010
122001001
120201010
120201001
120021100
120021010
120021001
120001210
120001201
120001120
120001102
120001012
122000110
122000101
120020110
120020101
120002110
120002101
120000112
122000011
120020011
120000211
112120000
112021000
112020100
112020010
112020001
112102000
112012000
112002100
112002010
112100200
112010200
112001200
112000210
112000201
112100020
112010020
112001020
112100002
112010002
112001002
112000102
112000012
102121000
102120100
102120010
102120001
102112000
102102100
102102010
102110020
102101020
102110002
102101002
102100102
102100012
102012100
102012010
102011200
102010201
102011020
102011002
102010102
102010012
102021100
102021010
102001210
102001102
102001012
102020110
102020101
102002110
110122000
110022100
110022010
111020020
110021020
110120002
110021002
110020012
100021012
110102020
110012020
110102002
110012002
110002012
100112002
100102012
100012012
212110000
212101000
212100010
210121000
210112000
210102010
210110002
210101002
212010010
210211000
210210010
210012010
210011200
210010210
210011020
210011002
210010012
210201010
210021010
210001210
010212010
010211200
010211020
010221010
