121212100
121212010
121211200
121210210
121210201
121211020
121210021
121211002
121210102
121210012
121221100
121221010
121221001
121201210
121201201
121201120
121201021
121201102
121201012
121220101
121202101
121220011
121200211
121121200
121120210
121120201
121121020
121120120
121120021
121120102
121120012
121020121
121020112
121110220
121101220
121100221
121110202
121101202
121100212
121011220
121010221
121010212
121001221
122112100
122112010
122112001
122111200
122110210
122110201
122111020
122110120
122110021
122111002
122110102
122110012
122121100
122121010
122121001
122101210
122101201
122101120
122101021
122101102
122101012
122120110
122120101
122102110
122102101
122100112
122120011
122102011
122100211
120121210
120121201
120121120
120121021
120121102
120121012
120122110
120122101
120120112
120122011
120120211
120112210
120112201
120112120
120112021
120112102
120112012
120102112
120102211
120111220
120110221
120111202
120110212
120101212
120111022
122211010
122211001
122011210
122011201
122011120
122011102
122011012
122012110
122012101
122010112
122210011
122010211
120211012
120012112
120011212
122021110
122021101
122001112
122201011
122021011
122001211
120221011
120021112
120021211
122020111
112122100
112122010
112121200
112120201
112121020
112121002
112120102
112120012
112021210
112021201
112021102
112021012
112022110
112020112
112020211
112112200
112102210
112112020
112112002
112102102
112102012
112012210
112012102
112012012
112002112
112110202
112101202
112011220
112011202
112010212
112001212
112110022
112101022
112011022
102121102
102121012
102122110
102112102
102112012
102111022
102011212
110122012
110112022
212112010
212111200
212111020
212110012
212121010
212101210
210121012
210112012
210211210
