121212120
121212102
121212210
121211220
121211202
121210212
121210221
121211022
121221120
121221102
121221210
121221012
121221201
121221021
121201212
121201221
121201122
121222101
121202121
121220211
121121220
121121202
121120212
121120221
121120122
121110222
121101222
122112120
122112102
122112210
122112012
122112201
122112021
122111220
122111202
122110212
122110221
122111022
122110122
122121120
122121102
122121210
122121012
122121201
122121021
122101212
122101221
122101122
122122110
122120112
122122101
122102112
122122011
122120211
122102211
120121212
120122112
120122211
120112212
120112221
120111222
122211210
122211012
122211201
122011212
122011122
122012112
122021112
122221011
122201211
122021211
112122102
112122210
112122012
112121202
112121022
112021212
112022112
112112220
112112202
112102212
112112022
112012212
112011222
212112210
212112012
212111202
212121210
212101212
