471806
471826
471836
471856
472608
472618
472638
472658
472806
472816
472836
472856
475608
475618
475628
475806
475816
475826
480617
480627
480637
480657
480716
480726
480736
480756
483205
483215
483265
483275
483502
483512
483562
483572
483607
483617
483627
483706
483716
483726
486205
486215
486235
486275
486502
486512
486532
486572
487205
487235
487265
487502
487532
487562
714230
714250
714260
714280
715032
715042
715062
715082
715230
715240
715260
715280
718032
718042
718052
718230
718240
718250
720416
720436
720456
720486
720518
720538
720548
720568
720614
720634
720654
720684
720815
720835
720845
720865
721406
721436
721456
721486
721508
721538
721568
721604
721634
721654
721684
721805
721835
721865
723041
723051
723061
723081
723140
723150
723160
723180
723406
723416
723456
723486
723508
723518
723548
723568
723604
723614
723654
723684
723805
723815
723845
723865
724031
724051
724061
724081
724130
724150
724160
724180
724508
724538
724568
724805
724835
724865
725031
725041
725061
725081
725130
725140
725160
725180
725406
725416
725436
725486
725604
725614
725634
725684
726031
726041
726051
726130
726140
726150
726508
726518
726538
726548
726805
726815
726835
726845
728031
728041
728051
728130
728140
728150
728406
728416
728436
728456
728604
728614
728634
728654
741206
741236
741256
741286
741503
741523
741563
741583
741820
741830
741850
741860
742018
742038
742058
742068
742305
742315
742365
742385
742503
742513
742563
742583
742810
742830
742850
742860
745018
745028
745038
745068
745206
745216
745236
745286
745602
745612
745632
745682
745810
745820
745830
745860
748206
748216
748236
748256
748305
748315
748325
748503
748513
748523
748602
748612
748632
748652
750218
750238
750248
750268
750314
750324
750364
750384
750413
750423
750463
750483
750812
750832
750842
750862
751208
751238
751268
751304
751324
751364
751384
751403
751423
751463
751483
751802
751832
751862
752304
752314
752364
752384
752403
752413
752463
752483
753208
753218
753248
753268
753802
753812
753842
753862
754208
754238
754268
754802
754832
754862
756208
756218
756238
756248
756304
756314
756324
756403
756413
756423
756802
756812
756832
756842
758304
758314
758324
758403
758413
758423
780215
780235
780245
780265
780512
780532
780542
780562
781024
781034
781054
781064
781205
781235
781265
781420
781430
781450
781460
781502
781532
781562
782014
782034
782054
782064
782410
782430
782450
782460
783014
783024
783054
783064
783205
783215
783245
783265
783410
783420
783450
783460
783502
783512
783542
783562
784205
784235
784265
784502
784532
784562
785014
785024
785034
785064
785410
785420
785430
785460
786014
786024
786034
786054
786205
786215
786235
786245
786410
786420
786430
786450
786502
786512
786532
786542
803142
803152
803162
803172
803241
803251
803261
803271
804316
804326
804356
804376
804613
804623
804653
804673
806132
806142
806152
806231
806241
806251
807132
807142
807152
807231
807241
807251
807316
807326
807346
807356
807613
807623
807643
807653
830415
830425
830465
830475
830514
830524
830564
830574
831026
831046
831056
831076
831405
831425
831465
831475
831504
831524
831564
831574
831620
831640
831650
831670
832016
832046
832076
832405
832415
832465
832475
832504
832514
832564
832574
832610
832640
832670
834016
834026
834056
834076
834610
834620
834650
834670
835016
835046
835076
835610
835640
835670
836405
836415
836425
836504
836514
836524
837016
837026
837046
837056
837405
837415
837425
837504
837514
837524
837610
837620
837640
837650
840315
840325
840365
840375
840612
840632
840652
840672
840721
840731
840751
840761
843107
843127
843157
843167
843206
843216
843256
843276
843602
843612
843652
843672
843701
843721
843751
843761
846107
846127
846137
846157
846305
846315
846325
846503
846513
846523
846701
846721
846731
846751
847206
847216
847236
847256
847305
847315
847325
847503
847513
847523
847602
847612
847632
847652
860214
860234
860254
860274
860412
860432
860452
860472
861023
861043
861053
861073
861204
861234
861254
861274
861320
861340
861350
861370
861402
861432
861452
861472
862013
862043
862073
862310
862340
862370
863204
863214
863254
863274
863402
863412
863452
863472
864013
864023
864053
864073
864310
864320
864350
864370
865013
865043
865073
865204
865214
865234
865274
865310
865340
865370
865402
865412
865432
865472
867013
867023
867043
867053
867204
867214
867234
867254
867310
867320
867340
867350
867402
867412
867432
867452
870124
870134
870154
870164
870421
870431
870451
870461
872104
872134
872164
872401
872431
872461
873104
873124
873154
873164
873401
873421
873451
873461
875104
875134
875164
875401
875431
875461
876104
876124
876134
876154
876401
876421
876431
876451
