4712038
4712058
4712068
4712305
4712365
4712385
4712503
4712563
4712583
4712830
4712850
4712860
4715028
4715032
4715038
4715062
4715068
4715082
4715206
4715230
4715236
4715260
4715280
4715286
4715602
4715632
4715682
4715820
4715830
4715860
4718032
4718052
4718206
4718230
4718236
4718250
4718256
4718305
4718325
4718503
4718523
4718602
4718632
4718652
4720136
4720156
4720186
4720315
4720316
4720356
4720365
4720385
4720386
4720513
4720516
4720518
4720536
4720538
4720563
4720568
4720583
4720586
4720815
4720816
4720835
4720836
4720856
4720865
4721036
4721038
4721056
4721058
4721068
4721086
4721305
4721306
4721356
4721365
4721385
4721386
4721503
4721506
4721508
4721536
4721538
4721563
4721568
4721583
4721586
4721805
4721806
4721830
4721835
4721836
4721850
4721856
4721860
4721865
4723016
4723018
4723051
4723056
4723058
4723061
4723068
4723081
4723086
4723106
4723150
4723156
4723160
4723180
4723186
4723506
4723508
4723516
4723518
4723568
4723586
4723805
4723806
4723810
4723815
4723816
4723850
4723856
4723860
4723865
4725016
4725018
4725031
4725036
4725038
4725061
4725068
4725081
4725086
4725106
4725130
4725136
4725160
4725180
4725186
4725306
4725316
4725386
4725806
4725810
4725816
4725830
4725836
4725860
4726018
4726031
4726038
4726051
4726058
4726130
4726150
4726305
4726315
4726503
4726508
4726513
4726518
4726538
4726805
4726810
4726815
4726830
4726835
4726850
4728016
4728031
4728036
4728051
4728056
4728106
4728130
4728136
4728150
4728156
4728305
4728306
4728315
4728316
4728356
4728503
4728506
4728513
4728516
4728536
4750123
4750163
4750183
4750213
4750216
4750218
4750236
4750238
4750263
4750268
4750283
4750286
4750612
4750613
4750623
4750632
4750682
4750683
4750812
4750813
4750823
4750832
4750862
4750863
4751023
4751028
4751038
4751063
4751068
4751083
4751203
4751206
4751208
4751236
4751238
4751263
4751268
4751283
4751286
4751602
4751603
4751623
4751632
4751682
4751683
4751802
4751803
4751820
4751823
4751830
4751832
4751860
4751862
4751863
4752013
4752018
4752038
4752063
4752068
4752083
4752103
4752163
4752183
4752603
4752613
4752683
4752803
4752810
4752813
4752830
4752860
4752863
4753018
4753028
4753068
4753206
4753208
4753216
4753218
4753268
4753286
4753602
4753612
4753682
4753802
4753810
4753812
4753820
4753860
4753862
4756013
4756018
4756023
4756028
4756038
4756103
4756123
4756203
4756208
4756213
4756218
4756238
4756802
4756803
4756810
4756812
4756813
4756820
4756823
4756830
4756832
4758013
4758023
4758103
4758123
4758203
4758206
4758213
4758216
4758236
4758602
4758603
4758612
4758613
4758623
4758632
4780215
4780216
4780235
4780236
4780256
4780265
4780315
4780325
4780365
4780512
4780513
4780523
4780532
4780562
4780563
4780612
4780632
4780652
4781205
4781206
4781230
4781235
4781236
4781250
4781256
4781260
4781265
4781305
4781320
4781325
4781350
4781360
4781365
4781502
4781503
4781520
4781523
4781530
4781532
4781560
4781562
4781563
4781602
4781620
4781630
4781632
4781650
4781652
4782130
4782150
4782160
4782305
4782310
4782315
4782350
4782360
4782365
4782503
4782510
4782513
4782530
4782560
4782563
4782610
4782630
4782650
4783120
4783150
4783160
4783205
4783206
4783210
4783215
4783216
4783250
4783256
4783260
4783265
4783502
4783510
4783512
4783520
4783560
4783562
4783602
4783610
4783612
4783620
4783650
4783652
4785120
4785130
4785160
4785206
4785210
4785216
4785230
4785236
4785260
4785310
4785320
4785360
4785602
4785610
4785612
4785620
4785630
4785632
4786120
4786130
4786150
4786205
4786210
4786215
4786230
4786235
4786250
4786305
4786310
4786315
4786320
4786325
4786350
4786502
4786503
4786510
4786512
4786513
4786520
4786523
4786530
4786532
4803127
4803152
4803157
4803162
4803167
4803172
4803216
4803251
4803256
4803261
4803271
4803276
4803612
4803652
4803672
4803721
4803751
4803761
4806127
4806132
4806137
4806152
4806157
4806231
4806251
4806315
4806325
4806513
4806523
4806721
4806731
4806751
4807132
4807152
4807216
4807231
4807236
4807251
4807256
4807315
4807316
4807325
4807326
4807356
4807513
4807523
4807612
4807613
4807623
4807632
4807652
4807653
4830125
4830127
4830157
4830165
4830167
4830175
4830215
4830216
4830256
4830265
4830275
4830276
4830612
4830615
4830625
4830652
4830672
4830675
4830715
4830721
4830725
4830751
4830761
4830765
4831025
4831026
4831056
4831065
4831075
4831076
4831205
4831206
4831256
4831265
4831275
4831276
4831602
4831605
4831620
4831625
4831650
4831652
4831670
4831672
4831675
4831705
4831725
4831765
4832015
4832016
4832065
4832075
4832076
4832105
4832107
4832165
4832167
4832175
4832605
4832610
4832615
4832670
4832675
4832701
4832705
4832715
4832761
4832765
4835016
4835076
4835107
4835167
4835206
4835216
4835276
4835602
4835610
4835612
4835670
4835672
4835701
4835761
4836015
4836025
4836105
4836107
4836125
4836127
4836157
4836205
4836215
4836701
4836705
4836715
4836721
4836725
4836751
4837015
4837016
4837025
4837026
4837056
4837105
4837125
4837205
4837206
4837215
4837216
4837256
4837602
4837605
4837610
4837612
4837615
4837620
4837625
4837650
4837652
4860127
4860132
4860137
4860152
4860157
4860172
4860312
4860315
4860325
4860352
4860372
4860375
4860512
4860513
4860523
4860532
4860572
4860573
4860712
4860721
4860731
4860732
4860751
4860752
4861023
4861032
4861052
4861053
4861072
4861073
4861302
4861305
4861320
4861325
4861350
4861352
4861370
4861372
4861375
4861502
4861503
4861523
4861532
4861572
4861573
4861702
4861732
4861752
4862013
4862073
4862107
4862137
4862305
4862310
4862315
4862370
4862375
4862503
4862513
4862573
4862701
4862731
4863012
4863052
4863072
4863102
4863107
4863127
4863152
4863157
4863172
4863502
4863512
4863572
4863701
4863702
4863712
4863721
4863751
4863752
4865012
4865013
4865032
4865072
4865073
4865102
4865107
4865132
4865137
4865172
4865302
4865310
4865312
4865370
4865372
4865701
4865702
4865712
4865731
4865732
4867012
4867013
4867023
4867032
4867052
4867053
4867102
4867132
4867152
4867302
4867305
4867310
4867312
4867315
4867320
4867325
4867350
4867352
4867502
4867503
4867512
4867513
4867523
4867532
4870216
4870231
4870236
4870251
4870256
4870261
4870315
4870321
4870325
4870351
4870361
4870365
4870513
4870521
4870523
4870531
4870561
4870563
4870612
4870621
4870631
4870632
4870651
4870652
4871206
4871236
4871256
4871305
4871325
4871365
4871503
4871523
4871563
4871602
4871632
4871652
4872031
4872061
4872301
4872305
4872315
4872361
4872365
4872501
4872503
4872513
4872531
4872561
4872563
4872601
4872631
4873021
4873051
4873061
4873201
4873206
4873216
4873251
4873256
4873261
4873501
4873521
4873561
4873601
4873602
4873612
4873621
4873651
4873652
4875031
4875061
4875201
4875206
4875216
4875231
4875236
4875261
4875301
4875361
4875601
4875602
4875612
4875631
4875632
4876021
4876031
4876051
4876201
4876231
4876251
4876301
4876305
4876315
4876321
4876325
4876351
4876501
4876503
4876513
4876521
4876523
4876531
7120436
7120456
7120486
7120538
7120548
7120568
7120634
7120638
7120648
7120654
7120658
7120684
7120835
7120836
7120845
7120846
7120856
7120865
7123406
7123456
7123486
7123508
7123548
7123568
7123604
7123608
7123648
7123654
7123658
7123684
7123805
7123806
7123845
7123846
7123856
7123865
7124508
7124538
7124568
7124608
7124638
7124658
7124805
7124806
7124835
7124836
7124856
7124865
7125406
7125436
7125486
7125604
7125608
7125634
7125638
7125648
7125684
7125806
7125836
7125846
7126508
7126538
7126548
7126805
7126835
7126845
7128406
7128436
7128456
7128604
7128634
7128654
7142038
7142058
7142068
7142365
7142385
7142563
7142583
7142638
7142658
7142830
7142836
7142850
7142856
7142860
7145028
7145038
7145068
7145206
7145236
7145286
7145602
7145608
7145628
7145632
7145638
7145682
7145806
7145820
7145826
7145830
7145836
7145860
7148206
7148236
7148256
7148305
7148325
7148365
7148503
7148523
7148563
7148602
7148632
7148652
7150238
7150248
7150268
7150364
7150384
7150463
7150483
7150638
7150648
7150832
7150836
7150842
7150846
7150862
7152364
7152384
7152463
7152483
7152638
7152648
7152836
7152846
7153208
7153248
7153268
7153608
7153628
7153648
7153802
7153806
7153826
7153842
7153846
7153862
7154208
7154238
7154268
7154608
7154628
7154638
7154802
7154806
7154826
7154832
7154836
7154862
7156208
7156238
7156248
7156304
7156324
7156384
7156403
7156423
7156483
7156802
7156832
7156842
7158304
7158324
7158364
7158403
7158423
7158463
7180235
7180236
7180245
7180246
7180256
7180265
7180346
7180356
7180436
7180456
7180532
7180536
7180542
7180546
7180562
7182034
7182036
7182046
7182054
7182056
7182064
7182346
7182356
7182430
7182436
7182450
7182456
7182460
7182536
7182546
7183024
7183026
7183046
7183054
7183056
7183064
7183205
7183206
7183245
7183246
7183256
7183265
7183406
7183420
7183426
7183450
7183456
7183460
7183502
7183506
7183526
7183542
7183546
7183562
7184026
7184036
7184056
7184205
7184206
7184235
7184236
7184256
7184265
7184306
7184326
7184356
7184502
7184506
7184526
7184532
7184536
7184562
7185024
7185026
7185034
7185036
7185046
7185064
7185206
7185236
7185246
7185306
7185326
7185346
7185406
7185420
7185426
7185430
7185436
7185460
7186024
7186034
7186054
7186205
7186235
7186245
7186420
7186430
7186450
7186502
7186532
7186542
7201346
7201356
7201386
7201438
7201458
7201468
7201638
7201643
7201648
7201653
7201658
7201683
7201834
7201836
7201846
7201854
7201856
7201864
7203154
7203164
7203184
7203418
7203451
7203458
7203461
7203468
7203481
7203618
7203648
7203658
7203814
7203816
7203846
7203854
7203856
7203864
7204316
7204356
7204386
7204613
7204618
7204638
7204653
7204658
7204683
7204816
7204836
7204856
7205134
7205164
7205316
7205346
7205418
7205431
7205438
7205461
7205468
7205613
7205618
7205638
7205643
7205648
7205814
7205816
7205834
7205836
7205846
7205864
7206134
7206154
7206184
7206418
7206431
7206438
7206451
7206458
7206481
7206814
7206834
7206854
7208134
7208164
7208316
7208346
7208431
7208461
7208613
7208643
7210354
7210364
7210384
7210534
7210564
7210584
7210634
7210638
7210648
7210654
7210658
7210684
7210834
7210836
7210846
7210854
7210856
7210864
7213054
7213064
7213084
7213504
7213564
7213584
7213604
7213608
7213648
7213654
7213658
7213684
7213804
7213806
7213846
7213854
7213856
7213864
7214608
7214638
7214658
7214806
7214836
7214856
7215034
7215064
7215304
7215364
7215604
7215608
7215634
7215638
7215648
7215804
7215806
7215834
7215836
7215846
7215864
7216034
7216054
7216084
7216304
7216354
7216384
7216504
7216534
7216584
7216804
7216834
7216854
7218034
7218064
7218304
7218364
7218504
7218534
7218564
7218604
7218634
7230154
7230164
7230184
7230451
7230461
7230465
7230481
7230485
7230564
7230584
7230648
7230658
7230846
7230856
7231046
7231056
7231086
7231465
7231485
7231564
7231584
7231640
7231648
7231650
7231658
7231680
7231846
7231856
7234016
7234056
7234086
7234608
7234610
7234618
7234650
7234658
7234680
7234806
7234816
7234856
7235016
7235046
7235104
7235164
7235401
7235461
7235608
7235610
7235618
7235640
7235648
7235806
7235816
7235846
7236104
7236154
7236184
7236401
7236405
7236415
7236451
7236481
7236485
7236504
7236514
7236584
7238016
7238046
7238104
7238164
7238401
7238405
7238415
7238461
7238465
7238504
7238514
7238564
7238610
7238640
7240351
7240361
7240365
7240381
7240385
7240531
7240561
7240563
7240581
7240583
7240631
7240638
7240651
7240658
7240681
7240831
7240836
7240851
7240856
7240861
7241038
7241058
7241068
7241365
7241385
7241563
7241583
7241638
7241658
7241830
7241836
7241850
7241856
7241860
7243018
7243051
7243058
7243061
7243068
7243081
7243501
7243561
7243581
7243601
7243608
7243618
7243651
7243658
7243681
7243801
7243806
7243810
7243816
7243850
7243851
7243856
7243860
7243861
7245018
7245031
7245038
7245061
7245068
7245301
7245361
7245601
7245608
7245618
7245631
7245638
7245801
7245806
7245810
7245816
7245830
7245831
7245836
7245860
7245861
7246018
7246031
7246038
7246051
7246058
7246081
7246301
7246305
7246315
7246351
7246381
7246385
7246501
7246503
7246513
7246531
7246581
7246583
7246801
7246810
7246830
7246831
7246850
7246851
7248031
7248061
7248301
7248305
7248315
7248361
7248365
7248501
7248503
7248513
7248531
7248561
7248563
7248601
7248631
7250134
7250164
7250184
7250364
7250384
7250431
7250461
7250463
7250481
7250483
7250638
7250648
7250836
7250846
7251364
7251384
7251463
7251483
7251638
7251648
7251836
7251846
7253104
7253164
7253184
7253401
7253461
7253481
7253608
7253618
7253648
7253806
7253816
7253846
7254608
7254618
7254638
7254806
7254816
7254836
7256104
7256134
7256184
7256304
7256314
7256384
7256401
7256403
7256413
7256431
7256481
7256483
7258104
7258134
7258164
7258304
7258314
7258364
7258401
7258403
7258413
7258431
7258461
7258463
7260134
7260138
7260148
7260154
7260158
7260184
7260348
7260358
7260431
7260438
7260451
7260458
7260481
7260538
7260548
7261038
7261043
7261048
7261053
7261058
7261083
7261340
7261348
7261350
7261358
7261380
7261438
7261458
7261538
7261548
7263018
7263048
7263058
7263104
7263108
7263148
7263154
7263158
7263184
7263401
7263408
7263418
7263451
7263458
7263481
7263508
7263518
7263548
7264013
7264018
7264038
7264053
7264058
7264083
7264108
7264138
7264158
7264308
7264310
7264318
7264350
7264358
7264380
7264508
7264518
7264538
7265013
7265018
7265038
7265043
7265048
7265104
7265108
7265134
7265138
7265148
7265308
7265310
7265318
7265340
7265348
7265401
7265408
7265418
7265431
7265438
7268013
7268043
7268104
7268134
7268310
7268340
7268401
7268431
7280134
7280136
7280146
7280154
7280156
7280164
7280346
7280356
7280431
7280436
7280451
7280456
7280461
7280536
7280546
7281034
7281036
7281046
7281054
7281056
7281064
7281346
7281356
7281430
7281436
7281450
7281456
7281460
7281536
7281546
7283014
7283016
7283046
7283054
7283056
7283064
7283104
7283106
7283146
7283154
7283156
7283164
7283401
7283406
7283410
7283416
7283450
7283451
7283456
7283460
7283461
7283506
7283516
7283546
7284016
7284036
7284056
7284106
7284136
7284156
7284306
7284316
7284356
7284506
7284516
7284536
7285014
7285016
7285034
7285036
7285046
7285064
7285104
7285106
7285134
7285136
7285146
7285164
7285306
7285316
7285346
7285401
7285406
7285410
7285416
7285430
7285431
7285436
7285460
7285461
7286014
7286034
7286054
7286104
7286134
7286154
7286401
7286410
7286430
7286431
7286450
7286451
7412608
7412638
7412658
7412806
7412836
7412856
7415062
7415082
7415260
7415280
7415608
7415628
7415806
7415826
7418032
7418052
7418062
7418230
7418250
7418260
7420518
7420538
7420568
7420618
7420638
7420658
7420815
7420816
7420835
7420836
7420856
7420865
7421508
7421538
7421568
7421608
7421638
7421658
7421805
7421806
7421835
7421836
7421856
7421865
7423061
7423081
7423160
7423180
7423508
7423518
7423568
7423608
7423618
7423805
7423806
7423815
7423816
7423865
7425061
7425081
7425160
7425180
7425608
7425618
7425806
7425816
7426031
7426051
7426081
7426130
7426150
7426180
7426508
7426518
7426538
7426805
7426815
7426835
7428031
7428051
7428061
7428130
7428150
7428160
7450218
7450238
7450268
7450618
7450628
7450638
7450812
7450816
7450826
7450832
7450836
7450862
7451208
7451238
7451268
7451608
7451628
7451638
7451802
7451806
7451826
7451832
7451836
7451862
7452608
7452618
7452638
7452806
7452816
7452836
7453208
7453218
7453268
7453608
7453618
7453628
7453802
7453806
7453812
7453816
7453826
7453862
7456208
7456218
7456238
7456802
7456812
7456832
7480126
7480136
7480156
7480215
7480216
7480235
7480236
7480256
7480265
7480316
7480326
7480356
7480512
7480516
7480526
7480532
7480536
7480562
7481026
7481036
7481056
7481205
7481206
7481235
7481236
7481256
7481265
7481306
7481326
7481356
7481502
7481506
7481526
7481532
7481536
7481562
7482016
7482036
7482056
7482106
7482136
7482156
7482306
7482316
7482356
7482506
7482516
7482536
7483016
7483026
7483106
7483126
7483205
7483206
7483215
7483216
7483265
7483502
7483506
7483512
7483516
7483526
7483562
7485016
7485026
7485106
7485126
7485206
7485216
7485306
7485316
7485326
7486205
7486215
7486235
7486502
7486512
7486532
7501326
7501346
7501386
7501428
7501438
7501468
7501623
7501628
7501638
7501643
7501648
7501683
7501824
7501826
7501834
7501836
7501846
7501864
7502134
7502164
7502316
7502346
7502418
7502431
7502438
7502461
7502468
7502613
7502618
7502638
7502643
7502648
7502814
7502816
7502834
7502836
7502846
7502864
7503124
7503162
7503164
7503182
7503184
7503261
7503281
7503418
7503421
7503428
7503461
7503468
7503481
7503618
7503628
7503814
7503816
7503824
7503826
7503864
7504162
7504182
7504261
7504281
7504316
7504326
7504386
7504613
7504618
7504623
7504628
7504683
7504816
7504826
7506124
7506132
7506134
7506142
7506182
7506184
7506231
7506241
7506281
7506418
7506421
7506428
7506431
7506438
7506481
7506814
7506824
7506834
7508132
7508134
7508142
7508162
7508164
7508231
7508241
7508261
7508316
7508346
7508431
7508461
7508613
7508643
7510234
7510264
7510284
7510324
7510364
7510384
7510624
7510628
7510634
7510638
7510648
7510684
7510824
7510826
7510834
7510836
7510846
7510864
7512034
7512064
7512304
7512364
7512604
7512608
7512634
7512638
7512648
7512804
7512806
7512834
7512836
7512846
7512864
7513024
7513062
7513064
7513082
7513084
7513204
7513260
7513264
7513280
7513284
7513604
7513608
7513624
7513628
7513684
7513804
7513806
7513824
7513826
7513864
7514062
7514082
7514260
7514280
7514608
7514628
7514806
7514826
7516024
7516032
7516034
7516042
7516082
7516084
7516204
7516230
7516234
7516240
7516280
7516284
7516304
7516324
7516384
7516804
7516824
7516834
7518032
7518034
7518042
7518062
7518064
7518204
7518230
7518234
7518240
7518260
7518264
7518304
7518364
7518604
7518634
7520134
7520164
7520184
7520416
7520431
7520436
7520461
7520481
7520486
7520614
7520618
7520634
7520638
7520648
7520684
7520816
7520836
7520846
7521406
7521436
7521486
7521604
7521608
7521634
7521638
7521648
7521684
7521806
7521836
7521846
7523061
7523081
7523104
7523160
7523164
7523180
7523184
7523401
7523406
7523416
7523461
7523481
7523486
7523604
7523608
7523614
7523618
7523684
7523806
7523816
7524061
7524081
7524160
7524180
7524608
7524618
7524806
7524816
7526031
7526041
7526081
7526104
7526130
7526134
7526140
7526180
7526184
7526401
7526431
7526481
7528031
7528041
7528061
7528104
7528130
7528134
7528140
7528160
7528164
7528401
7528406
7528416
7528431
7528436
7528461
7528604
7528614
7528634
7530124
7530164
7530184
7530421
7530461
7530481
7530618
7530628
7530648
7530816
7530826
7530846
7531026
7531046
7531086
7531608
7531620
7531628
7531640
7531648
7531680
7531806
7531826
7531846
7532016
7532046
7532104
7532164
7532401
7532461
7532608
7532610
7532618
7532640
7532648
7532806
7532816
7532846
7534016
7534026
7534086
7534608
7534610
7534618
7534620
7534628
7534680
7534806
7534816
7534826
7536104
7536124
7536184
7536401
7536421
7536481
7538016
7538046
7538104
7538164
7538401
7538461
7538610
7538640
7540216
7540231
7540236
7540261
7540281
7540286
7540321
7540361
7540381
7540612
7540618
7540621
7540628
7540631
7540632
7540638
7540681
7540682
7540816
7540821
7540826
7540831
7540836
7540861
7541028
7541038
7541068
7541206
7541236
7541286
7541602
7541608
7541628
7541632
7541638
7541682
7541806
7541820
7541826
7541830
7541836
7541860
7542018
7542031
7542038
7542061
7542068
7542301
7542361
7542601
7542608
7542618
7542631
7542638
7542801
7542806
7542810
7542816
7542830
7542831
7542836
7542860
7542861
7543018
7543021
7543028
7543061
7543068
7543081
7543201
7543206
7543216
7543261
7543281
7543286
7543601
7543602
7543608
7543612
7543618
7543621
7543628
7543681
7543682
7543801
7543806
7543810
7543816
7543820
7543821
7543826
7543860
7543861
7546018
7546021
7546028
7546031
7546038
7546081
7546201
7546231
7546281
7546301
7546321
7546381
7546801
7546810
7546820
7546821
7546830
7546831
7548031
7548061
7548201
7548206
7548216
7548231
7548236
7548261
7548301
7548361
7548601
7548602
7548612
7548631
7548632
7560124
7560128
7560134
7560138
7560148
7560184
7560214
7560218
7560234
7560238
7560248
7560284
7560318
7560328
7560348
7560412
7560418
7560421
7560428
7560431
7560432
7560438
7560481
7560482
7561023
7561028
7561038
7561043
7561048
7561083
7561204
7561208
7561234
7561238
7561248
7561284
7561308
7561320
7561328
7561340
7561348
7561380
7561402
7561408
7561428
7561432
7561438
7561482
7562013
7562018
7562038
7562043
7562048
7562104
7562108
7562134
7562138
7562148
7562308
7562310
7562318
7562340
7562348
7562401
7562408
7562418
7562431
7562438
7563018
7563028
7563104
7563108
7563124
7563128
7563184
7563204
7563208
7563214
7563218
7563284
7563401
7563402
7563408
7563412
7563418
7563421
7563428
7563481
7563482
7564013
7564018
7564023
7564028
7564083
7564108
7564128
7564208
7564218
7564308
7564310
7564318
7564320
7564328
7564380
7568013
7568043
7568104
7568134
7568204
7568214
7568234
7568310
7568340
7568401
7568402
7568412
7568431
7568432
7580124
7580126
7580134
7580136
7580146
7580164
7580216
7580236
7580246
7580316
7580326
7580346
7580416
7580421
7580426
7580431
7580436
7580461
7581024
7581026
7581034
7581036
7581046
7581064
7581206
7581236
7581246
7581306
7581326
7581346
7581406
7581420
7581426
7581430
7581436
7581460
7582014
7582016
7582034
7582036
7582046
7582064
7582104
7582106
7582134
7582136
7582146
7582164
7582306
7582316
7582346
7582401
7582406
7582410
7582416
7582430
7582431
7582436
7582460
7582461
7583014
7583016
7583024
7583026
7583064
7583104
7583106
7583124
7583126
7583164
7583206
7583216
7583401
7583406
7583410
7583416
7583420
7583421
7583426
7583460
7583461
7584016
7584026
7584106
7584126
7584206
7584216
7584306
7584316
7584326
7586014
7586024
7586034
7586104
7586124
7586134
7586401
7586410
7586420
7586421
7586430
7586431
7801326
7801346
7801356
7801623
7801643
7801653
7802134
7802164
7802316
7802346
7802431
7802461
7802613
7802643
7803124
7803142
7803152
7803154
7803162
7803164
7803241
7803251
7803261
7803421
7803451
7803461
7804132
7804152
7804162
7804231
7804251
7804261
7804316
7804326
7804356
7804613
7804623
7804653
7805132
7805134
7805142
7805162
7805164
7805231
7805241
7805261
7805316
7805346
7805431
7805461
7805613
7805643
7806124
7806132
7806134
7806142
7806152
7806154
7806231
7806241
7806251
7806421
7806431
7806451
7810234
7810254
7810264
7810324
7810354
7810364
7810524
7810534
7810564
7810624
7810634
7810654
7812034
7812064
7812304
7812364
7812504
7812534
7812564
7812604
7812634
7813024
7813042
7813052
7813054
7813062
7813064
7813204
7813240
7813250
7813254
7813260
7813264
7813504
7813524
7813564
7813604
7813624
7813654
7814032
7814052
7814062
7814230
7814250
7814260
7815032
7815034
7815042
7815062
7815064
7815204
7815230
7815234
7815240
7815260
7815264
7815304
7815364
7815604
7815634
7816024
7816032
7816034
7816042
7816052
7816054
7816204
7816230
7816234
7816240
7816250
7816254
7816304
7816324
7816354
7816504
7816524
7816534
7820134
7820154
7820164
7820416
7820431
7820436
7820451
7820456
7820461
7820614
7820634
7820654
7821406
7821436
7821456
7821604
7821634
7821654
7823041
7823051
7823061
7823104
7823140
7823150
7823154
7823160
7823164
7823401
7823406
7823416
7823451
7823456
7823461
7823604
7823614
7823654
7824031
7824051
7824061
7824130
7824150
7824160
7825031
7825041
7825061
7825104
7825130
7825134
7825140
7825160
7825164
7825401
7825406
7825416
7825431
7825436
7825461
7825604
7825614
7825634
7826031
7826041
7826051
7826104
7826130
7826134
7826140
7826150
7826154
7826401
7826431
7826451
7830124
7830154
7830164
7830415
7830421
7830425
7830451
7830461
7830465
7830514
7830524
7830564
7831026
7831046
7831056
7831405
7831425
7831465
7831504
7831524
7831564
7831620
7831640
7831650
7832016
7832046
7832104
7832164
7832401
7832405
7832415
7832461
7832465
7832504
7832514
7832564
7832610
7832640
7834016
7834026
7834056
7834610
7834620
7834650
7835016
7835046
7835104
7835164
7835401
7835461
7835610
7835640
7836104
7836124
7836154
7836401
7836405
7836415
7836421
7836425
7836451
7836504
7836514
7836524
7840216
7840231
7840236
7840251
7840256
7840261
7840315
7840321
7840325
7840351
7840361
7840365
7840513
7840521
7840523
7840531
7840561
7840563
7840612
7840621
7840631
7840632
7840651
7840652
7841206
7841236
7841256
7841305
7841325
7841365
7841503
7841523
7841563
7841602
7841632
7841652
7842031
7842061
7842301
7842305
7842315
7842361
7842365
7842501
7842503
7842513
7842531
7842561
7842563
7842601
7842631
7843021
7843051
7843061
7843201
7843206
7843216
7843251
7843256
7843261
7843501
7843521
7843561
7843601
7843602
7843612
7843621
7843651
7843652
7845031
7845061
7845201
7845206
7845216
7845231
7845236
7845261
7845301
7845361
7845601
7845602
7845612
7845631
7845632
7846021
7846031
7846051
7846201
7846231
7846251
7846301
7846305
7846315
7846321
7846325
7846351
7846501
7846503
7846513
7846521
7846523
7846531
7850124
7850134
7850164
7850314
7850324
7850364
7850413
7850421
7850423
7850431
7850461
7850463
7851304
7851324
7851364
7851403
7851423
7851463
7852104
7852134
7852164
7852304
7852314
7852364
7852401
7852403
7852413
7852431
7852461
7852463
7853104
7853124
7853164
7853401
7853421
7853461
7856104
7856124
7856134
7856304
7856314
7856324
7856401
7856403
7856413
7856421
7856423
7856431
7860124
7860134
7860154
7860214
7860234
7860254
7860412
7860421
7860431
7860432
7860451
7860452
7861023
7861043
7861053
7861204
7861234
7861254
7861320
7861340
7861350
7861402
7861432
7861452
7862013
7862043
7862104
7862134
7862310
7862340
7862401
7862431
7863104
7863124
7863154
7863204
7863214
7863254
7863401
7863402
7863412
7863421
7863451
7863452
7864013
7864023
7864053
7864310
7864320
7864350
7865013
7865043
7865104
7865134
7865204
7865214
7865234
7865310
7865340
7865401
7865402
7865412
7865431
7865432
8031245
8031265
8031275
8031465
8031475
8031542
8031562
8031564
8031572
8031574
8031647
8031657
8031746
8031756
8032465
8032475
8032564
8032574
8032647
8032657
8032746
8032756
8034215
8034265
8034275
8034512
8034562
8034572
8034617
8034627
8034657
8034716
8034726
8034756
8035617
8035627
8035647
8035716
8035726
8035746
8036215
8036245
8036275
8036415
8036425
8036475
8036512
8036514
8036524
8036542
8036572
8036574
8037215
8037245
8037265
8037415
8037425
8037465
8037512
8037514
8037524
8037542
8037562
8037564
8043127
8043157
8043215
8043216
8043256
8043275
8043276
8043512
8043572
8043612
8043617
8043627
8043652
8043657
8043672
8043716
8043721
8043726
8043751
8043756
8046127
8046157
8046215
8046275
8046315
8046325
8046375
8046512
8046513
8046523
8046572
8046573
8046721
8046751
8047215
8047216
8047235
8047236
8047256
8047265
8047315
8047325
8047365
8047512
8047513
8047523
8047532
8047562
8047563
8047612
8047632
8047652
8061234
8061235
8061237
8061245
8061247
8061254
8061257
8061274
8061275
8061347
8061357
8061432
8061437
8061452
8061457
8061472
8061532
8061537
8061542
8061547
8061572
8062137
8062147
8062157
8062347
8062357
8062437
8062457
8062537
8062547
8063127
8063147
8063157
8063214
8063215
8063217
8063245
8063247
8063254
8063257
8063274
8063275
8063412
8063417
8063427
8063452
8063457
8063472
8063512
8063517
8063527
8063542
8063547
8063572
8064127
8064137
8064157
8064215
8064217
8064235
8064237
8064257
8064275
8064317
8064327
8064357
8064512
8064517
8064527
8064532
8064537
8064572
8065127
8065137
8065147
8065214
8065217
8065234
8065237
8065247
8065274
8065317
8065327
8065347
8065412
8065417
8065427
8065432
8065437
8065472
8067214
8067215
8067234
8067235
8067245
8067254
8067412
8067432
8067452
8067512
8067532
8067542
8071235
8071236
8071245
8071246
8071256
8071265
8071346
8071356
8071436
8071456
8071532
8071536
8071542
8071546
8071562
8072134
8072136
8072146
8072154
8072156
8072164
8072346
8072356
8072431
8072436
8072451
8072456
8072461
8072536
8072546
8073124
8073126
8073146
8073154
8073156
8073215
8073216
8073245
8073246
8073256
8073416
8073421
8073426
8073451
8073456
8073512
8073516
8073526
8073542
8073546
8074126
8074136
8074156
8074215
8074216
8074235
8074236
8074256
8074265
8074316
8074326
8074356
8074512
8074516
8074526
8074532
8074536
8074562
8075124
8075126
8075134
8075136
8075146
8075164
8075216
8075236
8075246
8075316
8075326
8075346
8075416
8075421
8075426
8075431
8075436
8075461
8076124
8076154
8076215
8076245
8076421
8076451
8076512
8076542
8301245
8301254
8301264
8301265
8301274
8301275
8301524
8301542
8301562
8301564
8301572
8301574
8301624
8301627
8301647
8301654
8301657
8301674
8301724
8301726
8301746
8301754
8301756
8301764
8302154
8302164
8302174
8302514
8302564
8302574
8302614
8302617
8302647
8302654
8302657
8302674
8302714
8302716
8302746
8302754
8302756
8302764
8304162
8304172
8304215
8304261
8304265
8304271
8304275
8304512
8304562
8304572
8304617
8304627
8304716
8304726
8305124
8305162
8305164
8305172
8305174
8305214
8305261
8305264
8305271
8305274
8305614
8305617
8305624
8305627
8305674
8305714
8305716
8305724
8305726
8305764
8306124
8306142
8306152
8306154
8306172
8306174
8306214
8306215
8306241
8306245
8306251
8306254
8306271
8306274
8306275
8306512
8306514
8306524
8306542
8306572
8306574
8306714
8306724
8306754
8307124
8307142
8307152
8307154
8307162
8307164
8307214
8307215
8307241
8307245
8307251
8307254
8307261
8307264
8307265
8307512
8307514
8307524
8307542
8307562
8307564
8307614
8307624
8307654
8310245
8310275
8310427
8310457
8310542
8310572
8310627
8310647
8310657
8310724
8310726
8310746
8310754
8310756
8312054
8312064
8312074
8312407
8312450
8312457
8312460
8312467
8312470
8312607
8312647
8312657
8312704
8312706
8312746
8312754
8312756
8312764
8314062
8314072
8314205
8314260
8314265
8314270
8314275
8314502
8314562
8314572
8314607
8314627
8314706
8314726
8315024
8315062
8315064
8315072
8315074
8315260
8315270
8315407
8315420
8315427
8315460
8315467
8315470
8315607
8315627
8315704
8315706
8315724
8315726
8315764
8316024
8316042
8316052
8316054
8316072
8316074
8316240
8316245
8316250
8316270
8316275
8316420
8316427
8316450
8316457
8316470
8316542
8316572
8316724
8316754
8317024
8317042
8317052
8317054
8317062
8317064
8317205
8317240
8317245
8317250
8317260
8317265
8317420
8317450
8317460
8317502
8317542
8317562
8320145
8320175
8320415
8320416
8320456
8320475
8320476
8320614
8320615
8320617
8320645
8320647
8320654
8320657
8320674
8320675
8320715
8320716
8320745
8320746
8320756
8321045
8321054
8321064
8321065
8321074
8321075
8321405
8321406
8321450
8321456
8321460
8321465
8321470
8321475
8321476
8321604
8321605
8321607
8321645
8321647
8321654
8321657
8321674
8321675
8321705
8321706
8321745
8321746
8321756
8321765
8324015
8324061
8324065
8324071
8324075
8324105
8324160
8324165
8324170
8324175
8324605
8324607
8324615
8324617
8324675
8324705
8324706
8324715
8324716
8324765
8325014
8325061
8325064
8325071
8325074
8325160
8325170
8325406
8325410
8325416
8325460
8325470
8325476
8325604
8325607
8325614
8325617
8325674
8325706
8325716
8326014
8326015
8326041
8326045
8326051
8326054
8326071
8326074
8326075
8326140
8326145
8326150
8326170
8326175
8326410
8326415
8326450
8326470
8326475
8326715
8326745
8327014
8327015
8327041
8327045
8327051
8327054
8327061
8327064
8327065
8327105
8327140
8327145
8327150
8327160
8327165
8327405
8327406
8327410
8327415
8327416
8327450
8327456
8327460
8327465
8327604
8327605
8327614
8327615
8327645
8327654
8340127
8340157
8340215
8340216
8340256
8340275
8340276
8340512
8340572
8340612
8340617
8340627
8340652
8340657
8340672
8340716
8340721
8340726
8340751
8340756
8341205
8341206
8341250
8341256
8341260
8341265
8341270
8341275
8341276
8341502
8341520
8341560
8341562
8341570
8341572
8341602
8341607
8341620
8341627
8341650
8341652
8341657
8341670
8341672
8341706
8341720
8341726
8341750
8341756
8341760
8342107
8342150
8342157
8342160
8342167
8342170
8342510
8342560
8342570
8342607
8342610
8342617
8342650
8342657
8342670
8342701
8342706
8342710
8342716
8342750
8342751
8342756
8342760
8342761
8345107
8345120
8345127
8345160
8345167
8345170
8345206
8345210
8345216
8345260
8345270
8345276
8345602
8345607
8345610
8345612
8345617
8345620
8345627
8345670
8345672
8345701
8345706
8345710
8345716
8345720
8345721
8345726
8345760
8345761
8346120
8346127
8346150
8346157
8346170
8346210
8346215
8346250
8346270
8346275
8346510
8346512
8346520
8346570
8346572
8346710
8346720
8346721
8346750
8346751
8347120
8347150
8347160
8347205
8347206
8347210
8347215
8347216
8347250
8347256
8347260
8347265
8347502
8347510
8347512
8347520
8347560
8347562
8347602
8347610
8347612
8347620
8347650
8347652
8350142
8350172
8350412
8350472
8350612
8350617
8350627
8350642
8350647
8350672
8350712
8350716
8350726
8350742
8350746
8351024
8351042
8351062
8351064
8351072
8351074
8351402
8351420
8351460
8351462
8351470
8351472
8351602
8351607
8351627
8351642
8351647
8351672
8351702
8351706
8351726
8351742
8351746
8351762
8352014
8352064
8352074
8352410
8352460
8352470
8352607
8352617
8352647
8352706
8352716
8352746
8354012
8354062
8354072
8354102
8354162
8354172
8354602
8354607
8354612
8354617
8354627
8354672
8354702
8354706
8354712
8354716
8354726
8354762
8356012
8356014
8356024
8356042
8356072
8356074
8356142
8356172
8356410
8356412
8356420
8356470
8356472
8356712
8356742
8357012
8357014
8357024
8357042
8357062
8357064
8357102
8357142
8357162
8357402
8357410
8357412
8357420
8357460
8357462
8357602
8357612
8357642
8360127
8360147
8360157
8360214
8360215
8360217
8360245
8360247
8360254
8360257
8360274
8360275
8360412
8360417
8360427
8360452
8360457
8360472
8360512
8360517
8360527
8360542
8360547
8360572
8361024
8361027
8361047
8361054
8361057
8361074
8361204
8361205
8361207
8361245
8361247
8361254
8361257
8361274
8361275
8361402
8361407
8361420
8361427
8361450
8361452
8361457
8361470
8361472
8361502
8361507
8361527
8361542
8361547
8361572
8362014
8362017
8362047
8362054
8362057
8362074
8362107
8362147
8362157
8362407
8362410
8362417
8362450
8362457
8362470
8362507
8362517
8362547
8364017
8364027
8364107
8364127
8364205
8364207
8364215
8364217
8364275
8364502
8364507
8364512
8364517
8364527
8364572
8365014
8365017
8365024
8365027
8365074
8365107
8365127
8365204
8365207
8365214
8365217
8365274
8365402
8365407
8365410
8365412
8365417
8365420
8365427
8365470
8365472
8367014
8367024
8367054
8367204
8367205
8367214
8367215
8367245
8367254
8367402
8367410
8367412
8367420
8367450
8367452
8367502
8367512
8367542
8370124
8370126
8370146
8370154
8370156
8370215
8370216
8370245
8370246
8370256
8370416
8370421
8370426
8370451
8370456
8370512
8370516
8370526
8370542
8370546
8371024
8371026
8371046
8371054
8371056
8371064
8371205
8371206
8371245
8371246
8371256
8371265
8371406
8371420
8371426
8371450
8371456
8371460
8371502
8371506
8371526
8371542
8371546
8371562
8372014
8372016
8372046
8372054
8372056
8372064
8372104
8372106
8372146
8372154
8372156
8372164
8372401
8372406
8372410
8372416
8372450
8372451
8372456
8372460
8372461
8372506
8372516
8372546
8374016
8374026
8374106
8374126
8374205
8374206
8374215
8374216
8374265
8374502
8374506
8374512
8374516
8374526
8374562
8375014
8375016
8375024
8375026
8375064
8375104
8375106
8375124
8375126
8375164
8375206
8375216
8375401
8375406
8375410
8375416
8375420
8375421
8375426
8375460
8375461
8376014
8376024
8376054
8376124
8376154
8376215
8376245
8376410
8376420
8376421
8376450
8376451
8376512
8376542
8403162
8403172
8403215
8403261
8403265
8403271
8403275
8403512
8403562
8403572
8403617
8403627
8403716
8403726
8406132
8406152
8406172
8406215
8406231
8406235
8406251
8406271
8406275
8406512
8406532
8406572
8407132
8407152
8407162
8407231
8407235
8407251
8407261
8407265
8407326
8407356
8407532
8407562
8407623
8407653
8430215
8430265
8430275
8430512
8430562
8430572
8430617
8430627
8430657
8430716
8430726
8430756
8431026
8431056
8431205
8431265
8431502
8431562
8431607
8431620
8431627
8431650
8431657
8431706
8431726
8431756
8432016
8432056
8432076
8432607
8432610
8432617
8432650
8432657
8432670
8432706
8432716
8432756
8435016
8435026
8435076
8435607
8435610
8435617
8435620
8435627
8435670
8435706
8435716
8435726
8436205
8436215
8436275
8436502
8436512
8436572
8437026
8437056
8437205
8437265
8437502
8437562
8437620
8437650
8460127
8460137
8460157
8460215
8460217
8460235
8460237
8460257
8460275
8460317
8460327
8460357
8460512
8460517
8460527
8460532
8460537
8460572
8461023
8461027
8461037
8461053
8461057
8461205
8461207
8461235
8461237
8461257
8461307
8461320
8461327
8461350
8461357
8461502
8461507
8461527
8461532
8461537
8462013
8462017
8462037
8462053
8462057
8462073
8462107
8462137
8462157
8462307
8462310
8462317
8462350
8462357
8462370
8462507
8462517
8462537
8463017
8463027
8463107
8463127
8463205
8463207
8463215
8463217
8463275
8463502
8463507
8463512
8463517
8463527
8463572
8465013
8465017
8465023
8465027
8465073
8465107
8465127
8465207
8465217
8465307
8465310
8465317
8465320
8465327
8465370
8467023
8467053
8467205
8467235
8467320
8467350
8467502
8467532
8470126
8470136
8470156
8470215
8470216
8470235
8470236
8470256
8470265
8470316
8470326
8470356
8470512
8470516
8470526
8470532
8470536
8470562
8471026
8471036
8471056
8471205
8471206
8471235
8471236
8471256
8471265
8471306
8471326
8471356
8471502
8471506
8471526
8471532
8471536
8471562
8472016
8472036
8472056
8472106
8472136
8472156
8472306
8472316
8472356
8472506
8472516
8472536
8473016
8473026
8473106
8473126
8473205
8473206
8473215
8473216
8473265
8473502
8473506
8473512
8473516
8473526
8473562
8475016
8475026
8475106
8475126
8475206
8475216
8475306
8475316
8475326
8476205
8476215
8476235
8476502
8476512
8476532
8601234
8601235
8601245
8601254
8601274
8601275
8601324
8601354
8601374
8601524
8601532
8601534
8601542
8601572
8601574
8601724
8601734
8601754
8602134
8602154
8602174
8602314
8602354
8602374
8602514
8602534
8602574
8602714
8602734
8602754
8603124
8603142
8603152
8603154
8603172
8603174
8603214
8603215
8603241
8603245
8603251
8603254
8603271
8603274
8603275
8603512
8603514
8603524
8603542
8603572
8603574
8603714
8603724
8603754
8604132
8604152
8604172
8604215
8604231
8604235
8604251
8604271
8604275
8604512
8604532
8604572
8605124
8605132
8605134
8605142
8605172
8605174
8605214
8605231
8605234
8605241
8605271
8605274
8605314
8605324
8605374
8605714
8605724
8605734
8607124
8607132
8607134
8607142
8607152
8607154
8607214
8607215
8607231
8607234
8607235
8607241
8607245
8607251
8607254
8607314
8607324
8607354
8607512
8607514
8607524
8607532
8607534
8607542
8610245
8610275
8610427
8610457
8610542
8610572
8610724
8610754
8612034
8612054
8612074
8612407
8612430
8612437
8612450
8612457
8612470
8612704
8612734
8612754
8613024
8613042
8613052
8613054
8613072
8613074
8613240
8613245
8613250
8613270
8613275
8613420
8613427
8613450
8613457
8613470
8613542
8613572
8613724
8613754
8614032
8614052
8614072
8614205
8614230
8614235
8614250
8614270
8614275
8614502
8614532
8614572
8615024
8615032
8615034
8615042
8615072
8615074
8615230
8615240
8615270
8615407
8615420
8615427
8615430
8615437
8615470
8615704
8615724
8615734
8617024
8617032
8617034
8617042
8617052
8617054
8617205
8617230
8617235
8617240
8617245
8617250
8617420
8617430
8617450
8617502
8617532
8617542
8620145
8620175
8620315
8620345
8620375
8620415
8620475
8620715
8620745
8621034
8621035
8621045
8621054
8621074
8621075
8621305
8621345
8621375
8621405
8621430
8621435
8621450
8621470
8621475
8621705
8621735
8621745
8623014
8623015
8623041
8623045
8623051
8623054
8623071
8623074
8623075
8623140
8623145
8623150
8623170
8623175
8623410
8623415
8623450
8623470
8623475
8623715
8623745
8624015
8624031
8624035
8624051
8624071
8624075
8624105
8624130
8624135
8624150
8624170
8624175
8624305
8624315
8624375
8624705
8624715
8624735
8625014
8625031
8625034
8625041
8625071
8625074
8625130
8625140
8625170
8625410
8625430
8625470
8627014
8627015
8627031
8627034
8627035
8627041
8627045
8627051
8627054
8627105
8627130
8627135
8627140
8627145
8627150
8627305
8627315
8627345
8627405
8627410
8627415
8627430
8627435
8627450
8630215
8630245
8630275
8630415
8630425
8630475
8630512
8630514
8630524
8630542
8630572
8630574
8631024
8631054
8631074
8631205
8631245
8631275
8631405
8631420
8631425
8631450
8631470
8631475
8631502
8631504
8631524
8631542
8631572
8631574
8632014
8632054
8632074
8632405
8632410
8632415
8632450
8632470
8632475
8632504
8632514
8632574
8634205
8634215
8634275
8634502
8634512
8634572
8635014
8635024
8635074
8635410
8635420
8635470
8637014
8637024
8637054
8637205
8637215
8637245
8637405
8637410
8637415
8637420
8637425
8637450
8637502
8637504
8637512
8637514
8637524
8637542
8640127
8640157
8640215
8640275
8640315
8640325
8640375
8640512
8640513
8640523
8640572
8640573
8640721
8640751
8641205
8641230
8641235
8641250
8641270
8641275
8641305
8641320
8641325
8641350
8641370
8641375
8641502
8641503
8641520
8641523
8641530
8641532
8641570
8641572
8641573
8641720
8641730
8641750
8642107
8642130
8642137
8642150
8642157
8642170
8642305
8642310
8642315
8642350
8642370
8642375
8642503
8642510
8642513
8642530
8642570
8642573
8642701
8642710
8642730
8642731
8642750
8642751
8643120
8643127
8643150
8643157
8643170
8643210
8643215
8643250
8643270
8643275
8643510
8643512
8643520
8643570
8643572
8643710
8643720
8643721
8643750
8643751
8645107
8645120
8645127
8645130
8645137
8645170
8645210
8645230
8645270
8645310
8645320
8645370
8645701
8645710
8645720
8645721
8645730
8645731
8647120
8647130
8647150
8647205
8647210
8647215
8647230
8647235
8647250
8647305
8647310
8647315
8647320
8647325
8647350
8647502
8647503
8647510
8647512
8647513
8647520
8647523
8647530
8647532
8650142
8650172
8650312
8650314
8650324
8650342
8650372
8650374
8650412
8650413
8650423
8650472
8650473
8650712
8650742
8651024
8651032
8651034
8651042
8651072
8651074
8651302
8651304
8651324
8651342
8651372
8651374
8651402
8651403
8651420
8651423
8651430
8651432
8651470
8651472
8651473
8651702
8651732
8651742
8652014
8652034
8652074
8652304
8652314
8652374
8652403
8652410
8652413
8652430
8652470
8652473
8653012
8653014
8653024
8653042
8653072
8653074
8653142
8653172
8653410
8653412
8653420
8653470
8653472
8653712
8653742
8654012
8654032
8654072
8654102
8654132
8654172
8654302
8654312
8654372
8654702
8654712
8654732
8657012
8657014
8657024
8657032
8657034
8657042
8657102
8657132
8657142
8657302
8657304
8657312
8657314
8657324
8657342
8657402
8657403
8657410
8657412
8657413
8657420
8657423
8657430
8657432
8670124
8670154
8670215
8670245
8670421
8670451
8670512
8670542
8671024
8671034
8671054
8671205
8671235
8671245
8671420
8671430
8671450
8671502
8671532
8671542
8672014
8672034
8672054
8672104
8672134
8672154
8672401
8672410
8672430
8672431
8672450
8672451
8673014
8673024
8673054
8673124
8673154
8673215
8673245
8673410
8673420
8673421
8673450
8673451
8673512
8673542
8674205
8674215
8674235
8674502
8674512
8674532
8675014
8675024
8675034
8675104
8675124
8675134
8675401
8675410
8675420
8675421
8675430
8675431
8701234
8701235
8701254
8701264
8701265
8701324
8701326
8701354
8701356
8701364
8701524
8701532
8701534
8701562
8701564
8701623
8701624
8701634
8701653
8701654
8702134
8702154
8702164
8702314
8702316
8702346
8702354
8702356
8702364
8702514
8702534
8702564
8702613
8702614
8702634
8702643
8702653
8702654
8703124
8703142
8703152
8703154
8703162
8703164
8703214
8703215
8703241
8703245
8703251
8703254
8703261
8703264
8703265
8703512
8703514
8703524
8703542
8703562
8703564
8703614
8703624
8703654
8704132
8704152
8704162
8704231
8704235
8704251
8704261
8704265
8704326
8704356
8704532
8704562
8704623
8704653
8705124
8705132
8705134
8705142
8705162
8705164
8705214
8705231
8705234
8705241
8705261
8705264
8705314
8705316
8705324
8705326
8705346
8705364
8705613
8705614
8705623
8705624
8705634
8705643
8706124
8706132
8706134
8706142
8706152
8706154
8706214
8706215
8706231
8706234
8706235
8706241
8706245
8706251
8706254
8706314
8706324
8706354
8706512
8706514
8706524
8706532
8706534
8706542
8710235
8710245
8710265
8710532
8710542
8710562
8712034
8712054
8712064
8712430
8712450
8712460
8713024
8713042
8713052
8713054
8713062
8713064
8713205
8713240
8713245
8713250
8713260
8713265
8713420
8713450
8713460
8713502
8713542
8713562
8714032
8714052
8714062
8714205
8714230
8714235
8714250
8714260
8714265
8714502
8714532
8714562
8715024
8715032
8715034
8715042
8715062
8715064
8715230
8715240
8715260
8715420
8715430
8715460
8716024
8716032
8716034
8716042
8716052
8716054
8716205
8716230
8716235
8716240
8716245
8716250
8716420
8716430
8716450
8716502
8716532
8716542
8720135
8720145
8720165
8720315
8720345
8720365
8720415
8720416
8720435
8720436
8720456
8720465
8720614
8720615
8720634
8720635
8720645
8720654
8721034
8721035
8721054
8721064
8721065
8721305
8721365
8721405
8721406
8721430
8721435
8721436
8721450
8721456
8721460
8721465
8721604
8721605
8721634
8721635
8721654
8723014
8723015
8723041
8723045
8723051
8723054
8723061
8723064
8723065
8723105
8723140
8723145
8723150
8723160
8723165
8723405
8723406
8723410
8723415
8723416
8723450
8723456
8723460
8723465
8723604
8723605
8723614
8723615
8723645
8723654
8724031
8724035
8724051
8724061
8724065
8724105
8724130
8724135
8724150
8724160
8724165
8724305
8724365
8724605
8724635
8725014
8725031
8725034
8725041
8725061
8725064
8725130
8725140
8725160
8725406
8725410
8725416
8725430
8725436
8725460
8725604
8725614
8725634
8726014
8726015
8726031
8726034
8726035
8726041
8726045
8726051
8726054
8726105
8726130
8726135
8726140
8726145
8726150
8726305
8726315
8726345
8726405
8726410
8726415
8726430
8726435
8726450
8730215
8730245
8730265
8730415
8730425
8730465
8730512
8730514
8730524
8730542
8730562
8730564
8731024
8731026
8731054
8731056
8731064
8731205
8731265
8731405
8731420
8731425
8731450
8731460
8731465
8731502
8731504
8731524
8731562
8731564
8731620
8731650
8732014
8732016
8732046
8732054
8732056
8732064
8732405
8732410
8732415
8732450
8732460
8732465
8732504
8732514
8732564
8732610
8732640
8732650
8734026
8734056
8734205
8734265
8734502
8734562
8734620
8734650
8735014
8735016
8735024
8735026
8735046
8735064
8735410
8735420
8735460
8735610
8735620
8735640
8736014
8736024
8736054
8736205
8736215
8736245
8736405
8736410
8736415
8736420
8736425
8736450
8736502
8736504
8736512
8736514
8736524
8736542
8740215
8740216
8740235
8740236
8740256
8740265
8740315
8740325
8740365
8740512
8740513
8740523
8740532
8740562
8740563
8740612
8740632
8740652
8741205
8741206
8741230
8741235
8741236
8741250
8741256
8741260
8741265
8741305
8741320
8741325
8741350
8741360
8741365
8741502
8741503
8741520
8741523
8741530
8741532
8741560
8741562
8741563
8741602
8741620
8741630
8741632
8741650
8741652
8742130
8742150
8742160
8742305
8742310
8742315
8742350
8742360
8742365
8742503
8742510
8742513
8742530
8742560
8742563
8742610
8742630
8742650
8743120
8743150
8743160
8743205
8743206
8743210
8743215
8743216
8743250
8743256
8743260
8743265
8743502
8743510
8743512
8743520
8743560
8743562
8743602
8743610
8743612
8743620
8743650
8743652
8745120
8745130
8745160
8745206
8745210
8745216
8745230
8745236
8745260
8745310
8745320
8745360
8745602
8745610
8745612
8745620
8745630
8745632
8746120
8746130
8746150
8746205
8746210
8746215
8746230
8746235
8746250
8746305
8746310
8746315
8746320
8746325
8746350
8746502
8746503
8746510
8746512
8746513
8746520
8746523
8746530
8746532
8750132
8750142
8750162
8750312
8750314
8750324
8750342
8750362
8750364
8750412
8750413
8750423
8750432
8750462
8750463
8750612
8750632
8750642
8751024
8751032
8751034
8751062
8751064
8751302
8751304
8751324
8751362
8751364
8751402
8751403
8751420
8751423
8751430
8751432
8751460
8751462
8751463
8751602
8751632
8752014
8752034
8752064
8752304
8752314
8752364
8752403
8752410
8752413
8752430
8752460
8752463
8753012
8753014
8753024
8753042
8753062
8753064
8753102
8753142
8753162
8753402
8753410
8753412
8753420
8753460
8753462
8753602
8753612
8753642
8754032
8754062
8754102
8754132
8754162
8754302
8754362
8754602
8754632
8756012
8756014
8756024
8756032
8756034
8756042
8756102
8756132
8756142
8756302
8756304
8756312
8756314
8756324
8756342
8756402
8756403
8756410
8756412
8756413
8756420
8756423
8756430
8756432
8760214
8760215
8760234
8760235
8760245
8760254
8760412
8760432
8760452
8760512
8760532
8760542
8761023
8761024
8761034
8761053
8761054
8761204
8761205
8761234
8761235
8761254
8761320
8761350
8761402
8761420
8761430
8761432
8761450
8761452
8761502
8761532
8762013
8762014
8762034
8762043
8762053
8762054
8762310
8762340
8762350
8762410
8762430
8762450
8763014
8763024
8763054
8763204
8763205
8763214
8763215
8763245
8763254
8763402
8763410
8763412
8763420
8763450
8763452
8763502
8763512
8763542
8764023
8764053
8764205
8764235
8764320
8764350
8764502
8764532
8765013
8765014
8765023
8765024
8765034
8765043
8765204
8765214
8765234
8765310
8765320
8765340
8765402
8765410
8765412
8765420
8765430
8765432
