47206
47216
47236
47256
47286
47503
47513
47523
47563
47583
47810
47820
47830
47850
47860
48305
48315
48325
48365
48375
48602
48612
48632
48652
48672
48701
48721
48731
48751
48761
71806
71826
71836
71846
71856
72104
72134
72154
72164
72184
72401
72431
72451
72461
72481
72608
72618
72638
72648
72658
72806
72816
72836
72846
72856
74806
74816
74826
74836
74856
75104
75124
75134
75164
75184
75401
75421
75431
75461
75481
75608
75618
75628
75638
75648
75806
75816
75826
75836
75846
78104
78124
78134
78154
78164
78401
78421
78431
78451
78461
80617
80627
80637
80647
80657
80716
80726
80736
80746
80756
83014
83024
83054
83064
83074
83205
83215
83245
83265
83275
83410
83420
83450
83460
83470
83502
83512
83542
83562
83572
83607
83617
83627
83647
83657
83706
83716
83726
83746
83756
84607
84617
84627
84637
84657
84706
84716
84726
84736
84756
86014
86024
86034
86054
86074
86205
86215
86235
86245
86275
86410
86420
86430
86450
86470
86502
86512
86532
86542
86572
87014
87024
87034
87054
87064
87205
87215
87235
87245
87265
87410
87420
87430
87450
87460
87502
87512
87532
87542
87562
