47120538
47120568
47120638
47120658
47120835
47120836
47120856
47120865
47123508
47123568
47123608
47123805
47123806
47123865
47125608
47125806
47126508
47126538
47126805
47126835
47150238
47150268
47150638
47150832
47150836
47150862
47152638
47152836
47153208
47153268
47153608
47153628
47153802
47153806
47153826
47153862
47156208
47156238
47156802
47156832
47180235
47180236
47180256
47180265
47180356
47180532
47180536
47180562
47182036
47182056
47182356
47182536
47183026
47183205
47183206
47183265
47183502
47183506
47183526
47183562
47185026
47185206
47185306
47185326
47186205
47186235
47186502
47186532
47201356
47201386
47201638
47201653
47201658
47201683
47201836
47201856
47203618
47203816
47205316
47205613
47205618
47205816
47208316
47208613
47210638
47210658
47210836
47210856
47213608
47213806
47215608
47215806
47230658
47230856
47231056
47231086
47231650
47231658
47231680
47231856
47235016
47235608
47235610
47235618
47235806
47235816
47238016
47238610
47250638
47250836
47251638
47251836
47253608
47253618
47253806
47253816
47260138
47260158
47260358
47260538
47261038
47261053
47261058
47261083
47261350
47261358
47261380
47261538
47263018
47263108
47263508
47263518
47265013
47265018
47265108
47265308
47265310
47265318
47268013
47268310
47280136
47280156
47280356
47280536
47281036
47281056
47281356
47281536
47283016
47283106
47283506
47283516
47285016
47285106
47285306
47285316
47501326
47501386
47501623
47501628
47501683
47501826
47502316
47502613
47502618
47502816
47506182
47506281
47508162
47508261
47508316
47508613
47510628
47510826
47512608
47512806
47516082
47516280
47518062
47518260
47520618
47520816
47521608
47521806
47526081
47526180
47528061
47528160
47530618
47530628
47530816
47530826
47531026
47531086
47531608
47531620
47531628
47531680
47531806
47531826
47532016
47532608
47532610
47532618
47532806
47532816
47538016
47538610
47560128
47560218
47560318
47560328
47561023
47561028
47561083
47561208
47561308
47561320
47561328
47561380
47562013
47562018
47562108
47562308
47562310
47562318
47568013
47568310
47580126
47580216
47580316
47580326
47581026
47581206
47581306
47581326
47582016
47582106
47582306
47582316
47801326
47801356
47801623
47801653
47802316
47802613
47803162
47803261
47805162
47805261
47805316
47805613
47806132
47806152
47806231
47806251
47813062
47813260
47815062
47815260
47816032
47816052
47816230
47816250
47823061
47823160
47825061
47825160
47826031
47826051
47826130
47826150
47831026
47831056
47831620
47831650
47832016
47832610
47835016
47835610
47861023
47861053
47861320
47861350
47862013
47862310
47865013
47865310
48031265
48031562
48031657
48031756
48032657
48032756
48035617
48035627
48035716
48035726
48036215
48036275
48036512
48036572
48037265
48037562
48061235
48061237
48061257
48061357
48061532
48061537
48062137
48062157
48062357
48062537
48063127
48063215
48063217
48063275
48063512
48063517
48063527
48063572
48065127
48065217
48065317
48065327
48067235
48067532
48071235
48071236
48071256
48071265
48071356
48071532
48071536
48071562
48072136
48072156
48072356
48072536
48073126
48073215
48073216
48073512
48073516
48073526
48075126
48075216
48075316
48075326
48076215
48076512
48301265
48301562
48301627
48301726
48302617
48302716
48306172
48306215
48306271
48306275
48306512
48306572
48307162
48307261
48307265
48307562
48310275
48310572
48310627
48310726
48312607
48312706
48316072
48316270
48316275
48316572
48317062
48317205
48317260
48317265
48317502
48317562
48320175
48320615
48320617
48320675
48320715
48320716
48321065
48321605
48321607
48321705
48321706
48321765
48326015
48326071
48326075
48326170
48326175
48326715
48327061
48327065
48327105
48327160
48327165
48327605
48350172
48350612
48350617
48350627
48350672
48350712
48350716
48350726
48351062
48351602
48351607
48351627
48351702
48351706
48351726
48351762
48352607
48352617
48352706
48352716
48356012
48356072
48356172
48356712
48357062
48357102
48357162
48357602
48360127
48360215
48360217
48360275
48360512
48360517
48360527
48360572
48361027
48361205
48361207
48361502
48361507
48361527
48362017
48362107
48362507
48362517
48367205
48367502
48370126
48370215
48370216
48370512
48370516
48370526
48371026
48371205
48371206
48371265
48371502
48371506
48371526
48371562
48372016
48372106
48372506
48372516
48376215
48376512
48601235
48601532
48603172
48603215
48603271
48603275
48603512
48603572
48605172
48605271
48607132
48607152
48607231
48607235
48607251
48607532
48610275
48610572
48613072
48613270
48613275
48613572
48615072
48615270
48617032
48617052
48617205
48617230
48617235
48617250
48617502
48617532
48620175
48620315
48620375
48620715
48621035
48621305
48621705
48621735
48623015
48623071
48623075
48623170
48623175
48623715
48625071
48625170
48627031
48627035
48627051
48627105
48627130
48627135
48627150
48627305
48630215
48630275
48630512
48630572
48631205
48631502
48637205
48637502
48650172
48650312
48650372
48650712
48651032
48651302
48651702
48651732
48653012
48653072
48653172
48653712
48657032
48657102
48657132
48657302
48670215
48670512
48671205
48671235
48671502
48671532
48673215
48673512
48702356
48702653
48703162
48703261
48703265
48703562
48705162
48705261
48705326
48705623
48706132
48706152
48706231
48706235
48706251
48706532
48710235
48710265
48710532
48710562
48713062
48713205
48713260
48713265
48713502
48713562
48715062
48715260
48716032
48716052
48716205
48716230
48716235
48716250
48716502
48716532
48720135
48720165
48720365
48720635
48723061
48723065
48723105
48723160
48723165
48723605
48725061
48725160
48726031
48726035
48726051
48726105
48726130
48726135
48726150
48726305
48730265
48730562
48732056
48732650
48735026
48735620
48736205
48736502
48750132
48750162
48750362
48750632
48753062
48753102
48753162
48753602
48756032
48756102
48756132
48756302
48760235
48760532
48762053
48762350
48763205
48763502
48765023
48765320
71203458
71203468
71203854
71203864
71204356
71204386
71204653
71204683
71205346
71205438
71205468
71205643
71205834
71205864
71206438
71206458
71206834
71206854
71208346
71208643
71230465
71230485
71230564
71230584
71234056
71234086
71234650
71234680
71235046
71235640
71236405
71236504
71238046
71238405
71238504
71238640
71240365
71240385
71240563
71240583
71243058
71243068
71243850
71243860
71245038
71245068
71245830
71245860
71246038
71246058
71246305
71246503
71246830
71246850
71248305
71248503
71250364
71250384
71250463
71250483
71256304
71256403
71258304
71258403
71264053
71264083
71264350
71264380
71265043
71265340
71268043
71268340
71283054
71283064
71283450
71283460
71285034
71285064
71285430
71285460
71286034
71286054
71286430
71286450
71420538
71420568
71420835
71420865
71423508
71423560
71423568
71423580
71423680
71423805
71423860
71423865
71425360
71425380
71425680
71425860
71426350
71426508
71426530
71426538
71426805
71426830
71426835
71426850
71428350
71428530
71428630
71428650
71450238
71450268
71450832
71450862
71453062
71453082
71453208
71453260
71453268
71453280
71453802
71453862
71456032
71456208
71456230
71456238
71456802
71456832
71458032
71458230
71480235
71480265
71480532
71480562
71483062
71483205
71483260
71483265
71483502
71483562
71485062
71485260
71486032
71486052
71486205
71486230
71486235
71486250
71486502
71486532
71502346
71502438
71502468
71502643
71502834
71502864
71503428
71503462
71503468
71503482
71503682
71503824
71503862
71503864
71504326
71504362
71504382
71504386
71504623
71504682
71504683
71504862
71506342
71506428
71506432
71506438
71506824
71506832
71506834
71506842
71508342
71508346
71508432
71508632
71508642
71508643
71520436
71520486
71520634
71520684
71523406
71523460
71523480
71523486
71523604
71523680
71523684
71523860
71524360
71524380
71524680
71524860
71526340
71526430
71526830
71526840
71528340
71528406
71528430
71528436
71528604
71528630
71528634
71528640
71532046
71532640
71534026
71534062
71534082
71534086
71534260
71534280
71534620
71534680
71536042
71536240
71538042
71538046
71538240
71538640
71540236
71540286
71540632
71540682
71542038
71542068
71542830
71542860
71543028
71543062
71543068
71543082
71543206
71543260
71543280
71543286
71543602
71543682
71543820
71543860
71546028
71546032
71546038
71546230
71546820
71546830
71548032
71548206
71548230
71548236
71548602
71548632
71560234
71560284
71560432
71560482
71562043
71562340
71563082
71563204
71563280
71563284
71563402
71563482
71564023
71564082
71564083
71564280
71564320
71564380
71568032
71568042
71568043
71568204
71568230
71568234
71568240
71568340
71568402
71568432
71582034
71582064
71582430
71582460
71583024
71583062
71583064
71583260
71583420
71583460
71584062
71584260
71586024
71586032
71586034
71586042
71586230
71586240
71586420
71586430
71802346
71802643
71803452
71803542
71803642
71803652
71804326
71804352
71804356
71804532
71804623
71804632
71804652
71804653
71805342
71805346
71805432
71805632
71805642
71805643
71820436
71820456
71820634
71820654
71823406
71823450
71823456
71823540
71823604
71823640
71823650
71823654
71824350
71824530
71824630
71824650
71825340
71825406
71825430
71825436
71825604
71825630
71825634
71825640
71830425
71830524
71832046
71832405
71832504
71832640
71834026
71834052
71834056
71834250
71834620
71834650
71835042
71835046
71835240
71835640
71840236
71840256
71840325
71840523
71840632
71840652
71842305
71842503
71843052
71843206
71843250
71843256
71843602
71843652
71845032
71845206
71845230
71845236
71845602
71845632
71850324
71850423
71852304
71852403
71853042
71853240
71854032
71854230
71860234
71860254
71860432
71860452
71862043
71862340
71863042
71863052
71863204
71863240
71863250
71863254
71863402
71863452
71864023
71864032
71864052
71864053
71864230
71864250
71864320
71864350
71865032
71865042
71865043
71865204
71865230
71865234
71865240
71865340
71865402
71865432
72013456
72013486
72013548
72013654
72013684
72013845
72014538
72014568
72014835
72014865
72015436
72015486
72015634
72015684
72016548
72016845
72018436
72018456
72018634
72018654
72031456
72031465
72031485
72031486
72031564
72031568
72031584
72031654
72031684
72031865
72034568
72034865
72035416
72035486
72035614
72035684
72036415
72036514
72036518
72036548
72036815
72036845
72038415
72038416
72038456
72038514
72038614
72038654
72041356
72041365
72041385
72041386
72041536
72041538
72041563
72041568
72041583
72041586
72041835
72041836
72041856
72041865
72043156
72043186
72043516
72043518
72043586
72043815
72043816
72043856
72045136
72045186
72045316
72045386
72045816
72045836
72046315
72046513
72046518
72046815
72048136
72048156
72048315
72048316
72048356
72048513
72048516
72048536
72051364
72051368
72051384
72051436
72051438
72051463
72051468
72051483
72051486
72051634
72051638
72051684
72053148
72053416
72053418
72053486
72053614
72053618
72053648
72053684
72054138
72054168
72054368
72054638
72056148
72056314
72056318
72056348
72056413
72056418
72058314
72058413
72058416
72058436
72058614
72058634
72061354
72061384
72061534
72061538
72061584
72061834
72061835
72061854
72063154
72063184
72063514
72063518
72063548
72063584
72063814
72063815
72063845
72063854
72064538
72064835
72065134
72065184
72065314
72065384
72065814
72065834
72068134
72068154
72068314
72068354
72068514
72068534
72081365
72081435
72081436
72081456
72081465
72081634
72081635
72081654
72083145
72083415
72083416
72083456
72083614
72083615
72083645
72083654
72084135
72084165
72084365
72084635
72085416
72085436
72085614
72085634
72086145
72086315
72086345
72086415
72103456
72103458
72103468
72103486
72103568
72103654
72103684
72103854
72103864
72103865
72105386
72105436
72105438
72105468
72105486
72105634
72105683
72105684
72105834
72105864
72106438
72106458
72106538
72106834
72106835
72106854
72108356
72108436
72108456
72108634
72108653
72108654
72130456
72130465
72130485
72130486
72130564
72130568
72130584
72130654
72130684
72130865
72135086
72135406
72135486
72135604
72135680
72135684
72136405
72136504
72136508
72136805
72138056
72138405
72138406
72138456
72138504
72138604
72138650
72138654
72140356
72140365
72140385
72140386
72140536
72140538
72140563
72140568
72140583
72140586
72140835
72140836
72140856
72140865
72143056
72143058
72143068
72143086
72143506
72143508
72143568
72143586
72143805
72143806
72143850
72143856
72143860
72143865
72145036
72145038
72145068
72145086
72145306
72145386
72145806
72145830
72145836
72145860
72146038
72146058
72146305
72146503
72146508
72146538
72146805
72146830
72146835
72146850
72148036
72148056
72148305
72148306
72148356
72148503
72148506
72148536
72150364
72150368
72150384
72150436
72150438
72150463
72150468
72150483
72150486
72150634
72150638
72150684
72153068
72153406
72153408
72153468
72153486
72153604
72153608
72153684
72156038
72156304
72156308
72156403
72156408
72156438
72158304
72158403
72158406
72158436
72158604
72158634
72160354
72160384
72160534
72160538
72160584
72160834
72160835
72160854
72163054
72163084
72163504
72163508
72163584
72163804
72163805
72163854
72165034
72165083
72165084
72165304
72165380
72165384
72165804
72165834
72168034
72168053
72168054
72168304
72168350
72168354
72168504
72168534
72180365
72180435
72180436
72180456
72180465
72180634
72180635
72180654
72183054
72183064
72183065
72183405
72183406
72183450
72183456
72183460
72183465
72183604
72183605
72183654
72185034
72185064
72185406
72185430
72185436
72185460
72185604
72185634
72186034
72186035
72186054
72186305
72186405
72186430
72186435
72186450
72301456
72301458
72301468
72301486
72301568
72301654
72301684
72301854
72301864
72301865
72304561
72304568
72304581
72304681
72304861
72304865
72305416
72305418
72305461
72305468
72305481
72305486
72305614
72305681
72305684
72305814
72305861
72305864
72306418
72306451
72306458
72306518
72306541
72306548
72306814
72306815
72306841
72306845
72306851
72306854
72308416
72308451
72308456
72308541
72308614
72308641
72308651
72308654
72310456
72310486
72310548
72310654
72310684
72310845
72314508
72314560
72314568
72314580
72314680
72314805
72314860
72314865
72315406
72315460
72315480
72315486
72315604
72315680
72315684
72315860
72316450
72316540
72316548
72316840
72316845
72316850
72318406
72318450
72318456
72318540
72318604
72318640
72318650
72318654
72340156
72340186
72340516
72340518
72340586
72340815
72340816
72340856
72341056
72341058
72341068
72341086
72341506
72341508
72341568
72341586
72341805
72341806
72341850
72341856
72341860
72341865
72345016
72345018
72345061
72345068
72345081
72345086
72345106
72345160
72345180
72345186
72345806
72345810
72345816
72345860
72346018
72346051
72346058
72346150
72346518
72346810
72346815
72346850
72348016
72348051
72348056
72348106
72348150
72348156
72348506
72348516
72350148
72350416
72350418
72350486
72350614
72350618
72350648
72350684
72351068
72351406
72351408
72351468
72351486
72351604
72351608
72351684
72354061
72354068
72354081
72354108
72354160
72354168
72354180
72354608
72356018
72356041
72356048
72356140
72356148
72356418
72358041
72358140
72358406
72358416
72358604
72358614
72360154
72360184
72360514
72360518
72360548
72360584
72360814
72360815
72360845
72360854
72361054
72361084
72361504
72361508
72361584
72361804
72361805
72361854
72364081
72364180
72364508
72364805
72365014
72365081
72365084
72365104
72365180
72365184
72365804
72365814
72368014
72368041
72368051
72368054
72368104
72368140
72368150
72368154
72368504
72368514
72380145
72380415
72380416
72380456
72380614
72380615
72380645
72380654
72381054
72381064
72381065
72381405
72381406
72381450
72381456
72381460
72381465
72381604
72381605
72381654
72384061
72384065
72384105
72384160
72384165
72384605
72385014
72385061
72385064
72385160
72385406
72385410
72385416
72385460
72385604
72385614
72386014
72386015
72386041
72386045
72386051
72386054
72386140
72386145
72386150
72386410
72386415
72386450
72403561
72403568
72403581
72403681
72403861
72403865
72405361
72405381
72405386
72405681
72405683
72405861
72406351
72406531
72406538
72406831
72406835
72406851
72408351
72408356
72408531
72408631
72408651
72408653
72410538
72410568
72410835
72410865
72413508
72413560
72413568
72413580
72413680
72413805
72413860
72413865
72415360
72415380
72415680
72415860
72416350
72416508
72416530
72416538
72416805
72416830
72416835
72416850
72418350
72418530
72418630
72418650
72430568
72430865
72435061
72435081
72435086
72435160
72435180
72435680
72436051
72436150
72436508
72436805
72438051
72438056
72438150
72438650
72450138
72450168
72450368
72450638
72453061
72453068
72453081
72453108
72453160
72453168
72453180
72453608
72456031
72456038
72456108
72456130
72456138
72456308
72458031
72458130
72460538
72460835
72463081
72463180
72463508
72463805
72465081
72465083
72465180
72465380
72468031
72468051
72468053
72468130
72468150
72468350
72480135
72480165
72480365
72480635
72483061
72483065
72483105
72483160
72483165
72483605
72485061
72485160
72486031
72486035
72486051
72486105
72486130
72486135
72486150
72486305
72501386
72501436
72501438
72501468
72501486
72501634
72501683
72501684
72501834
72501864
72503416
72503418
72503461
72503468
72503481
72503486
72503614
72503681
72503684
72503814
72503861
72503864
72504361
72504381
72504386
72504681
72504683
72504861
72506341
72506418
72506431
72506438
72506814
72506831
72506834
72506841
72508316
72508341
72508346
72508416
72508431
72508436
72508613
72508614
72508631
72508634
72508641
72508643
72510436
72510486
72510634
72510684
72513406
72513460
72513480
72513486
72513604
72513680
72513684
72513860
72514360
72514380
72514680
72514860
72516340
72516430
72516830
72516840
72518340
72518406
72518430
72518436
72518604
72518630
72518634
72518640
72530416
72530486
72530614
72530684
72531086
72531406
72531486
72531604
72531680
72531684
72534061
72534081
72534086
72534160
72534180
72534680
72536041
72536140
72538016
72538041
72538046
72538140
72538406
72538416
72538604
72538610
72538614
72538640
72540136
72540186
72540316
72540386
72540816
72540836
72541036
72541038
72541068
72541086
72541306
72541386
72541806
72541830
72541836
72541860
72543016
72543018
72543061
72543068
72543081
72543086
72543106
72543160
72543180
72543186
72543806
72543810
72543816
72543860
72546018
72546031
72546038
72546130
72546810
72546830
72548016
72548031
72548036
72548106
72548130
72548136
72548306
72548316
72560134
72560184
72560314
72560384
72560814
72560834
72561034
72561083
72561084
72561304
72561380
72561384
72561804
72561834
72563014
72563081
72563084
72563104
72563180
72563184
72563804
72563814
72564081
72564083
72564180
72564380
72568013
72568014
72568031
72568034
72568041
72568043
72568104
72568130
72568134
72568140
72568304
72568310
72568314
72568340
72580416
72580436
72580614
72580634
72581034
72581064
72581406
72581430
72581436
72581460
72581604
72581634
72583014
72583061
72583064
72583160
72583406
72583410
72583416
72583460
72583604
72583614
72584061
72584160
72586014
72586031
72586034
72586041
72586130
72586140
72586410
72586430
72601438
72601458
72601538
72601834
72601835
72601854
72603418
72603451
72603458
72603518
72603541
72603548
72603814
72603815
72603841
72603845
72603851
72603854
72604351
72604531
72604538
72604831
72604835
72604851
72605341
72605418
72605431
72605438
72605814
72605831
72605834
72605841
72610548
72610845
72613450
72613540
72613548
72613840
72613845
72613850
72614350
72614508
72614530
72614538
72614805
72614830
72614835
72614850
72615340
72615430
72615830
72615840
72630415
72630514
72630518
72630548
72630815
72630845
72631405
72631504
72631508
72631805
72634051
72634150
72634508
72634805
72635041
72635140
72640315
72640513
72640518
72640815
72641038
72641058
72641305
72641503
72641508
72641538
72641805
72641830
72641835
72641850
72643018
72643051
72643058
72643150
72643518
72643810
72643815
72643850
72645018
72645031
72645038
72645130
72645810
72645830
72650148
72650314
72650318
72650348
72650413
72650418
72651038
72651304
72651308
72651403
72651408
72651438
72653018
72653041
72653048
72653140
72653148
72653418
72654031
72654038
72654108
72654130
72654138
72654308
72680145
72680315
72680345
72680415
72681034
72681035
72681054
72681305
72681405
72681430
72681435
72681450
72683014
72683015
72683041
72683045
72683051
72683054
72683140
72683145
72683150
72683410
72683415
72683450
72684031
72684035
72684051
72684105
72684130
72684135
72684150
72684305
72685014
72685031
72685034
72685041
72685130
72685140
72685410
72685430
72801356
72801436
72801456
72801634
72801653
72801654
72803416
72803451
72803456
72803541
72803614
72803641
72803651
72803654
72804351
72804356
72804531
72804631
72804651
72804653
72805316
72805341
72805346
72805416
72805431
72805436
72805613
72805614
72805631
72805634
72805641
72805643
72810436
72810456
72810634
72810654
72813406
72813450
72813456
72813540
72813604
72813640
72813650
72813654
72814350
72814530
72814630
72814650
72815340
72815406
72815430
72815436
72815604
72815630
72815634
72815640
72830415
72830416
72830456
72830514
72830614
72830654
72831056
72831405
72831406
72831456
72831504
72831604
72831650
72831654
72834051
72834056
72834150
72834650
72835016
72835041
72835046
72835140
72835406
72835416
72835604
72835610
72835614
72835640
72840136
72840156
72840315
72840316
72840356
72840513
72840516
72840536
72841036
72841056
72841305
72841306
72841356
72841503
72841506
72841536
72843016
72843051
72843056
72843106
72843150
72843156
72843506
72843516
72845016
72845031
72845036
72845106
72845130
72845136
72845306
72845316
72850314
72850413
72850416
72850436
72850614
72850634
72851304
72851403
72851406
72851436
72851604
72851634
72853041
72853140
72853406
72853416
72853604
72853614
72854031
72854130
72860134
72860154
72860314
72860354
72860514
72860534
72861034
72861053
72861054
72861304
72861350
72861354
72861504
72861534
72863014
72863041
72863051
72863054
72863104
72863140
72863150
72863154
72863504
72863514
72864031
72864051
72864053
72864130
72864150
72864350
72865013
72865014
72865031
72865034
72865041
72865043
72865104
72865130
72865134
72865140
72865304
72865310
72865314
72865340
74120356
74120365
74120385
74120386
74120536
74120538
74120563
74120568
74120583
74120586
74120835
74120836
74120856
74120865
74123056
74123058
74123068
74123086
74123506
74123508
74123568
74123586
74123805
74123806
74123850
74123856
74123860
74123865
74125036
74125038
74125068
74125086
74125306
74125386
74125806
74125830
74125836
74125860
74126038
74126058
74126305
74126503
74126508
74126538
74126805
74126830
74126835
74126850
74128036
74128056
74128305
74128306
74128356
74128503
74128506
74128536
74150236
74150238
74150263
74150268
74150283
74150286
74150632
74150682
74150683
74150832
74150862
74150863
74152038
74152063
74152068
74152083
74152683
74152830
74152860
74152863
74153028
74153068
74153206
74153208
74153268
74153286
74153602
74153682
74153802
74153820
74153860
74153862
74156023
74156028
74156038
74156203
74156208
74156238
74156802
74156803
74156820
74156823
74156830
74156832
74158023
74158203
74158206
74158236
74158602
74158603
74158623
74158632
74180235
74180236
74180256
74180265
74180365
74180532
74180562
74180563
74180632
74180652
74182350
74182360
74182365
74182530
74182560
74182563
74182630
74182650
74183205
74183206
74183250
74183256
74183260
74183265
74183502
74183520
74183560
74183562
74183602
74183620
74183650
74183652
74185206
74185230
74185236
74185260
74185320
74185360
74185602
74185620
74185630
74185632
74186205
74186230
74186235
74186250
74186305
74186320
74186325
74186350
74186502
74186503
74186520
74186523
74186530
74186532
74201356
74201358
74201365
74201368
74201385
74201386
74201538
74201563
74201568
74201583
74201638
74201653
74201658
74201683
74203158
74203168
74203518
74203568
74203618
74203658
74205138
74205168
74205316
74205318
74205368
74205613
74205618
74205638
74206138
74206158
74206315
74206318
74206358
74206513
74206518
74206538
74208315
74208316
74208513
74208613
74210365
74210385
74210563
74210583
74213058
74213068
74213850
74213860
74215038
74215068
74215830
74215860
74216038
74216058
74216305
74216503
74216830
74216850
74218305
74218503
74230165
74230185
74230685
74230865
74231056
74231058
74231065
74231068
74231085
74231086
74231650
74231680
74231685
74231850
74231860
74231865
74235016
74235018
74235068
74235610
74235810
74235860
74236015
74236018
74236058
74236105
74236805
74236810
74236815
74236850
74238015
74238016
74238105
74238605
74238610
74238615
74250163
74250183
74250683
74250863
74251038
74251063
74251068
74251083
74251683
74251830
74251860
74251863
74253018
74253068
74253810
74253860
74256013
74256018
74256038
74256103
74256803
74256810
74256813
74256830
74258013
74258103
74258603
74258613
74260385
74260583
74261038
74261053
74261058
74261083
74261350
74261380
74261385
74261583
74261830
74261850
74263018
74263058
74263810
74263850
74265013
74265018
74265038
74265310
74265810
74265830
74268013
74268305
74268310
74268315
74268503
74268513
74280365
74280563
74281350
74281360
74281365
74281530
74281560
74281563
74281630
74281650
74283150
74283160
74283510
74283560
74283610
74283650
74285130
74285160
74285310
74285360
74285610
74285630
74286130
74286150
74286305
74286310
74286315
74286350
74286503
74286510
74286513
74286530
74501236
74501238
74501268
74501286
74501326
74501328
74501368
74501386
74501623
74501628
74501632
74501638
74501682
74501683
74502138
74502168
74502316
74502318
74502368
74502613
74502618
74502638
74503128
74503162
74503168
74503182
74503216
74503218
74503261
74503268
74503281
74503286
74503612
74503618
74503628
74503682
74506128
74506132
74506138
74506218
74506231
74506238
74506318
74506328
74508132
74508216
74508231
74508236
74508316
74508612
74508613
74508632
74510236
74510286
74510632
74510682
74512038
74512068
74512830
74512860
74513028
74513062
74513068
74513082
74513206
74513260
74513280
74513286
74513602
74513682
74513820
74513860
74516028
74516032
74516038
74516230
74516820
74516830
74518032
74518206
74518230
74518236
74518602
74518632
74520136
74520186
74520316
74520386
74520816
74520836
74521036
74521038
74521068
74521086
74521306
74521386
74521806
74521830
74521836
74521860
74523016
74523018
74523061
74523068
74523081
74523086
74523106
74523160
74523180
74523186
74523806
74523810
74523816
74523860
74526018
74526031
74526038
74526130
74526810
74526830
74528016
74528031
74528036
74528106
74528130
74528136
74528306
74528316
74530216
74530286
74530612
74530682
74531026
74531028
74531068
74531086
74531206
74531286
74531602
74531620
74531680
74531682
74531820
74531860
74532016
74532018
74532068
74532610
74532810
74532860
74536018
74536028
74536810
74536820
74538016
74538206
74538216
74538602
74538610
74538612
74560132
74560182
74560312
74560382
74560812
74560832
74561023
74561028
74561032
74561038
74561082
74561083
74561302
74561320
74561380
74561382
74561802
74561820
74561830
74561832
74562013
74562018
74562038
74562310
74562810
74562830
74563012
74563018
74563028
74563082
74563102
74563182
74563802
74563810
74563812
74563820
74568012
74568013
74568032
74568102
74568132
74568302
74568310
74568312
74580216
74580236
74580612
74580632
74581206
74581230
74581236
74581260
74581320
74581360
74581602
74581620
74581630
74581632
74582130
74582160
74582310
74582360
74582610
74582630
74583120
74583160
74583206
74583210
74583216
74583260
74583602
74583610
74583612
74583620
74586120
74586130
74586210
74586230
74586310
74586320
74801236
74801256
74801325
74801326
74801356
74801523
74801623
74801632
74801652
74801653
74802315
74802316
74802513
74802613
74803152
74803216
74803251
74803256
74803612
74803652
74805132
74805216
74805231
74805236
74805316
74805612
74805613
74805632
74810236
74810256
74810325
74810523
74810632
74810652
74812305
74812503
74813052
74813206
74813250
74813256
74813602
74813652
74815032
74815206
74815230
74815236
74815602
74815632
74820136
74820156
74820315
74820316
74820356
74820513
74820516
74820536
74821036
74821056
74821305
74821306
74821356
74821503
74821506
74821536
74823016
74823051
74823056
74823106
74823150
74823156
74823506
74823516
74825016
74825031
74825036
74825106
74825130
74825136
74825306
74825316
74830125
74830215
74830216
74830256
74830612
74830615
74830625
74830652
74831025
74831026
74831056
74831205
74831206
74831256
74831602
74831605
74831620
74831625
74831650
74831652
74832015
74832016
74832105
74832605
74832610
74832615
74835016
74835206
74835216
74835602
74835610
74835612
74850123
74850213
74850216
74850236
74850612
74850613
74850623
74850632
74851023
74851203
74851206
74851236
74851602
74851603
74851623
74851632
74852013
74852103
74852603
74852613
74853206
74853216
74853602
74853612
74860132
74860152
74860312
74860315
74860325
74860352
74860512
74860513
74860523
74860532
74861023
74861032
74861052
74861053
74861302
74861305
74861320
74861325
74861350
74861352
74861502
74861503
74861523
74861532
74862013
74862305
74862310
74862315
74862503
74862513
74863012
74863052
74863102
74863152
74863502
74863512
74865012
74865013
74865032
74865102
74865132
74865302
74865310
74865312
75012364
75012384
75012463
75012483
75013248
75013842
75014238
75014268
75014832
75014862
75016248
75016324
75016423
75016842
75018324
75018423
75021364
75021368
75021384
75021436
75021438
75021463
75021468
75021483
75021486
75021634
75021638
75021684
75023148
75023416
75023418
75023486
75023614
75023618
75023648
75023684
75024138
75024168
75024368
75024638
75026148
75026314
75026318
75026348
75026413
75026418
75028314
75028413
75028416
75028436
75028614
75028634
75031264
75031268
75031284
75031684
75031862
75031864
75032164
75032184
75032684
75032864
75034268
75034862
75036124
75036214
75036218
75036248
75036812
75036814
75036824
75036842
75038124
75038214
75038614
75038624
75041236
75041238
75041263
75041268
75041283
75041286
75041632
75041682
75041683
75041832
75041862
75041863
75042163
75042183
75042683
75042863
75043216
75043218
75043286
75043612
75043682
75043812
75046123
75046213
75046218
75046812
75046813
75046823
75048123
75048213
75048216
75048236
75048612
75048613
75048623
75048632
75061234
75061238
75061284
75061384
75061432
75061482
75061483
75061832
75062384
75062483
75063214
75063218
75063248
75063284
75063412
75063482
75063812
75063842
75064238
75064832
75068214
75068234
75068314
75068324
75068412
75068413
75068423
75068432
75081362
75081364
75081432
75081462
75081463
75081632
75082364
75082463
75083142
75083412
75083612
75083642
75084132
75084162
75084362
75084632
75086142
75086312
75086314
75086324
75086342
75086412
75086413
75086423
75102364
75102384
75102386
75102438
75102463
75102468
75102483
75102683
75102834
75102864
75103268
75103428
75103468
75103824
75103862
75103864
75106238
75106324
75106423
75106428
75106438
75106824
75106832
75106834
75108324
75108326
75108423
75108623
75120364
75120368
75120384
75120436
75120438
75120463
75120468
75120483
75120486
75120634
75120638
75120684
75123068
75123406
75123408
75123468
75123486
75123604
75123608
75123684
75126038
75126304
75126308
75126403
75126408
75126438
75128304
75128403
75128406
75128436
75128604
75128634
75130264
75130268
75130284
75130684
75130862
75130864
75132064
75132084
75132086
75132680
75132684
75132864
75136024
75136204
75136208
75136802
75136804
75136824
75138024
75138026
75138204
75138604
75138620
75138624
75140236
75140238
75140263
75140268
75140283
75140286
75140632
75140682
75140683
75140832
75140862
75140863
75142038
75142063
75142068
75142083
75142683
75142830
75142860
75142863
75143028
75143068
75143206
75143208
75143268
75143286
75143602
75143682
75143802
75143820
75143860
75143862
75146023
75146028
75146038
75146203
75146208
75146238
75146802
75146803
75146820
75146823
75146830
75146832
75148023
75148203
75148206
75148236
75148602
75148603
75148623
75148632
75160234
75160238
75160284
75160384
75160432
75160482
75160483
75160832
75162083
75162380
75162384
75162483
75163204
75163208
75163284
75163402
75163482
75163802
75168023
75168204
75168234
75168304
75168320
75168324
75168402
75168403
75168423
75168432
75180362
75180364
75180432
75180462
75180463
75180632
75182034
75182064
75182364
75182430
75182460
75182463
75183024
75183062
75183064
75183402
75183420
75183460
75183462
75183602
75186024
75186032
75186034
75186302
75186304
75186324
75186402
75186403
75186420
75186423
75186430
75186432
75201364
75201384
75201386
75201438
75201463
75201468
75201483
75201683
75201834
75201864
75203418
75203468
75203814
75203864
75204386
75204683
75206314
75206413
75206418
75206438
75206814
75206834
75208314
75208316
75208346
75208413
75208613
75208643
75210364
75210384
75210463
75210483
75216304
75216403
75218304
75218403
75230164
75230184
75230684
75230864
75231064
75231084
75231086
75231680
75231684
75231864
75234086
75234680
75236014
75236104
75236804
75236814
75238014
75238016
75238046
75238104
75238604
75238610
75238614
75238640
75240163
75240183
75240683
75240863
75241038
75241063
75241068
75241083
75241683
75241830
75241860
75241863
75243018
75243068
75243810
75243860
75246013
75246018
75246038
75246103
75246803
75246810
75246813
75246830
75248013
75248103
75248603
75248613
75260384
75260483
75261083
75261380
75261384
75261483
75264083
75264380
75268013
75268043
75268304
75268310
75268314
75268340
75268403
75268413
75280364
75280463
75281034
75281064
75281364
75281430
75281460
75281463
75283014
75283064
75283410
75283460
75286014
75286034
75286304
75286314
75286403
75286410
75286413
75286430
75301268
75301428
75301468
75301824
75301862
75301864
75302418
75302468
75302814
75302864
75304162
75304182
75304261
75304268
75304281
75304862
75306142
75306218
75306241
75306248
75306418
75306428
75306812
75306814
75306824
75306842
75308142
75308241
75310248
75310842
75314062
75314082
75314208
75314260
75314268
75314280
75314802
75314862
75316042
75316240
75316248
75316842
75318042
75318240
75320148
75320416
75320418
75320486
75320614
75320618
75320648
75320684
75321068
75321406
75321408
75321468
75321486
75321604
75321608
75321684
75324061
75324068
75324081
75324108
75324160
75324168
75324180
75324608
75326018
75326041
75326048
75326140
75326148
75326418
75328041
75328140
75328406
75328416
75328604
75328614
75340216
75340218
75340286
75340612
75340682
75340812
75341028
75341068
75341206
75341208
75341268
75341286
75341602
75341682
75341802
75341820
75341860
75341862
75342018
75342068
75342810
75342860
75346018
75346028
75346218
75346810
75346812
75346820
75348206
75348216
75348602
75348612
75360214
75360218
75360248
75360284
75360412
75360482
75360812
75360842
75361204
75361208
75361284
75361402
75361482
75361802
75364208
75364802
75368204
75368214
75368402
75368412
75380142
75380412
75380612
75380642
75381024
75381062
75381064
75381402
75381420
75381460
75381462
75381602
75382014
75382064
75382410
75382460
75384062
75384102
75384162
75384602
75386012
75386014
75386024
75386042
75386142
75386410
75386412
75386420
75402386
75402683
75403162
75403182
75403261
75403268
75403281
75403862
75406132
75406231
75406238
75406832
75408132
75408231
75408326
75408623
75410238
75410268
75410832
75410862
75413062
75413082
75413208
75413260
75413268
75413280
75413802
75413862
75416032
75416208
75416230
75416238
75416802
75416832
75418032
75418230
75420138
75420168
75420368
75420638
75423061
75423068
75423081
75423108
75423160
75423168
75423180
75423608
75426031
75426038
75426108
75426130
75426138
75426308
75428031
75428130
75430268
75430862
75432086
75432680
75436208
75436802
75438026
75438620
75460238
75460832
75462083
75462380
75463208
75463802
75468023
75468320
75480132
75480162
75480362
75480632
75483062
75483102
75483162
75483602
75486032
75486102
75486132
75486302
75601238
75601324
75601423
75601428
75601438
75601824
75601832
75601834
75602314
75602413
75602418
75602438
75602814
75602834
75603142
75603218
75603241
75603248
75603418
75603428
75603812
75603814
75603824
75603842
75604132
75604231
75604238
75604832
75610248
75610324
75610423
75610842
75612304
75612403
75613042
75613240
75613248
75613842
75614032
75614208
75614230
75614238
75614802
75614832
75620148
75620314
75620318
75620348
75620413
75620418
75621038
75621304
75621308
75621403
75621408
75621438
75623018
75623041
75623048
75623140
75623148
75623418
75624031
75624038
75624108
75624130
75624138
75624308
75630124
75630214
75630218
75630248
75630812
75630814
75630824
75630842
75631024
75631204
75631208
75631802
75631804
75631824
75632014
75632104
75632804
75632814
75634208
75634802
75640123
75640213
75640218
75640812
75640813
75640823
75641023
75641028
75641038
75641203
75641208
75641238
75641802
75641803
75641820
75641823
75641830
75641832
75642013
75642018
75642038
75642103
75642803
75642810
75642813
75642830
75643018
75643028
75643218
75643810
75643812
75643820
75680142
75680312
75680314
75680324
75680342
75680412
75680413
75680423
75681024
75681032
75681034
75681302
75681304
75681324
75681402
75681403
75681420
75681423
75681430
75681432
75682014
75682034
75682304
75682314
75682403
75682410
75682413
75682430
75683012
75683014
75683024
75683042
75683142
75683410
75683412
75683420
75684032
75684102
75684132
75684302
75801324
75801326
75801423
75801623
75802314
75802316
75802346
75802413
75802613
75802643
75803142
75803241
75804132
75804231
75804326
75804623
75810324
75810423
75812304
75812403
75813042
75813240
75814032
75814230
75820314
75820413
75820416
75820436
75820614
75820634
75821304
75821403
75821406
75821436
75821604
75821634
75823041
75823140
75823406
75823416
75823604
75823614
75824031
75824130
75830124
75830214
75830614
75830624
75831024
75831026
75831204
75831604
75831620
75831624
75832014
75832016
75832046
75832104
75832604
75832610
75832614
75832640
75834026
75834620
75840123
75840213
75840216
75840236
75840612
75840613
75840623
75840632
75841023
75841203
75841206
75841236
75841602
75841603
75841623
75841632
75842013
75842103
75842603
75842613
75843206
75843216
75843602
75843612
75860214
75860234
75860314
75860324
75860412
75860413
75860423
75860432
75861023
75861204
75861234
75861304
75861320
75861324
75861402
75861403
75861423
75861432
75862013
75862043
75862304
75862310
75862314
75862340
75862403
75862413
75863204
75863214
75863402
75863412
75864023
75864320
78013245
78013542
78014235
78014265
78014532
78014562
78016245
78016542
78021365
78021435
78021436
78021456
78021465
78021634
78021635
78021654
78023145
78023415
78023416
78023456
78023614
78023615
78023645
78023654
78024135
78024165
78024365
78024635
78025416
78025436
78025614
78025634
78026145
78026315
78026345
78026415
78031265
78031465
78031562
78031564
78032465
78032564
78034265
78034562
78036215
78036245
78036415
78036425
78036512
78036514
78036524
78036542
78041235
78041236
78041256
78041265
78041365
78041532
78041562
78041563
78041632
78041652
78042365
78042563
78043215
78043216
78043256
78043512
78043612
78043652
78045216
78045236
78045612
78045632
78046215
78046315
78046325
78046512
78046513
78046523
78051362
78051364
78051432
78051462
78051463
78051632
78052364
78052463
78053142
78053412
78053612
78053642
78054132
78054162
78054362
78054632
78056142
78056312
78056314
78056324
78056342
78056412
78056413
78056423
78061234
78061235
78061254
78061432
78061452
78061532
78063214
78063215
78063245
78063254
78063412
78063452
78063512
78063542
78064235
78064532
78065214
78065234
78065412
78065432
78102354
78102356
78102364
78102534
78102564
78102634
78102653
78102654
78103254
78103264
78103265
78103524
78103562
78103564
78103624
78103654
78105234
78105264
78105324
78105326
78105364
78105623
78105624
78105634
78106234
78106235
78106254
78106324
78106354
78106524
78106532
78106534
78120365
78120435
78120436
78120456
78120465
78120634
78120635
78120654
78123054
78123064
78123065
78123405
78123406
78123450
78123456
78123460
78123465
78123604
78123605
78123654
78125034
78125064
78125406
78125430
78125436
78125460
78125604
78125634
78126034
78126035
78126054
78126305
78126405
78126430
78126435
78126450
78130265
78130465
78130562
78130564
78132054
78132056
78132064
78132450
78132460
78132465
78132564
78132650
78135024
78135026
78135064
78135420
78135460
78135620
78136024
78136054
78136205
78136405
78136420
78136425
78136450
78136502
78136504
78136524
78140235
78140236
78140256
78140265
78140365
78140532
78140562
78140563
78140632
78140652
78142350
78142360
78142365
78142530
78142560
78142563
78142630
78142650
78143205
78143206
78143250
78143256
78143260
78143265
78143502
78143520
78143560
78143562
78143602
78143620
78143650
78143652
78145206
78145230
78145236
78145260
78145320
78145360
78145602
78145620
78145630
78145632
78146205
78146230
78146235
78146250
78146305
78146320
78146325
78146350
78146502
78146503
78146520
78146523
78146530
78146532
78150362
78150364
78150432
78150462
78150463
78150632
78152034
78152064
78152364
78152430
78152460
78152463
78153024
78153062
78153064
78153402
78153420
78153460
78153462
78153602
78156024
78156032
78156034
78156302
78156304
78156324
78156402
78156403
78156420
78156423
78156430
78156432
78160234
78160235
78160254
78160432
78160452
78160532
78162034
78162053
78162054
78162350
78162430
78162450
78163024
78163054
78163204
78163205
78163254
78163402
78163420
78163450
78163452
78163502
78165023
78165024
78165034
78165204
78165234
78165320
78165402
78165420
78165430
78165432
78201354
78201356
78201364
78201534
78201564
78201634
78201653
78201654
78203154
78203164
78203514
78203564
78203614
78203654
78204356
78204653
78205134
78205164
78205314
78205316
78205346
78205364
78205613
78205614
78205634
78205643
78206134
78206154
78206314
78206354
78206514
78206534
78213054
78213064
78213450
78213460
78215034
78215064
78215430
78215460
78216034
78216054
78216430
78216450
78230465
78230564
78231054
78231056
78231064
78231450
78231460
78231465
78231564
78231650
78234056
78234650
78235014
78235016
78235046
78235064
78235410
78235460
78235610
78235640
78236014
78236054
78236405
78236410
78236415
78236450
78236504
78236514
78240365
78240563
78241350
78241360
78241365
78241530
78241560
78241563
78241630
78241650
78243150
78243160
78243510
78243560
78243610
78243650
78245130
78245160
78245310
78245360
78245610
78245630
78246130
78246150
78246305
78246310
78246315
78246350
78246503
78246510
78246513
78246530
78250364
78250463
78251034
78251064
78251364
78251430
78251460
78251463
78253014
78253064
78253410
78253460
78256014
78256034
78256304
78256314
78256403
78256410
78256413
78256430
78261034
78261053
78261054
78261350
78261430
78261450
78263014
78263054
78263410
78263450
78264053
78264350
78265013
78265014
78265034
78265043
78265310
78265340
78265410
78265430
78301254
78301264
78301265
78301524
78301562
78301564
78301624
78301654
78302154
78302164
78302514
78302564
78302614
78302654
78304162
78304261
78304265
78304562
78305124
78305162
78305164
78305214
78305261
78305264
78305614
78305624
78306124
78306142
78306152
78306154
78306214
78306215
78306241
78306245
78306251
78306254
78306512
78306514
78306524
78306542
78310245
78310542
78312054
78312064
78312450
78312460
78314062
78314205
78314260
78314265
78314502
78314562
78315024
78315062
78315064
78315260
78315420
78315460
78316024
78316042
78316052
78316054
78316240
78316245
78316250
78316420
78316450
78316542
78320145
78320415
78320416
78320456
78320614
78320615
78320645
78320654
78321054
78321064
78321065
78321405
78321406
78321450
78321456
78321460
78321465
78321604
78321605
78321654
78324061
78324065
78324105
78324160
78324165
78324605
78325014
78325061
78325064
78325160
78325406
78325410
78325416
78325460
78325604
78325614
78326014
78326015
78326041
78326045
78326051
78326054
78326140
78326145
78326150
78326410
78326415
78326450
78340215
78340216
78340256
78340512
78340612
78340652
78341205
78341206
78341250
78341256
78341260
78341265
78341502
78341520
78341560
78341562
78341602
78341620
78341650
78341652
78342150
78342160
78342510
78342560
78342610
78342650
78345120
78345160
78345206
78345210
78345216
78345260
78345602
78345610
78345612
78345620
78346120
78346150
78346210
78346215
78346250
78346510
78346512
78346520
78350142
78350412
78350612
78350642
78351024
78351062
78351064
78351402
78351420
78351460
78351462
78351602
78352014
78352064
78352410
78352460
78354062
78354102
78354162
78354602
78356012
78356014
78356024
78356042
78356142
78356410
78356412
78356420
78360214
78360215
78360245
78360254
78360412
78360452
78360512
78360542
78361024
78361054
78361204
78361205
78361254
78361402
78361420
78361450
78361452
78361502
78362014
78362054
78362410
78362450
78364205
78364502
78365014
78365024
78365204
78365214
78365402
78365410
78365412
78365420
78402356
78402653
78403162
78403261
78403265
78403562
78405162
78405261
78405326
78405623
78406132
78406152
78406231
78406235
78406251
78406532
78410235
78410265
78410532
78410562
78413062
78413205
78413260
78413265
78413502
78413562
78415062
78415260
78416032
78416052
78416205
78416230
78416235
78416250
78416502
78416532
78420135
78420165
78420365
78420635
78423061
78423065
78423105
78423160
78423165
78423605
78425061
78425160
78426031
78426035
78426051
78426105
78426130
78426135
78426150
78426305
78430265
78430562
78432056
78432650
78435026
78435620
78436205
78436502
78450132
78450162
78450362
78450632
78453062
78453102
78453162
78453602
78456032
78456102
78456132
78456302
78460235
78460532
78462053
78462350
78463205
78463502
78465023
78465320
78501234
78501264
78501324
78501326
78501364
78501623
78501624
78501634
78502134
78502164
78502314
78502316
78502346
78502364
78502613
78502614
78502634
78502643
78503124
78503162
78503164
78503214
78503261
78503264
78503614
78503624
78504162
78504261
78504326
78504623
78506124
78506132
78506134
78506142
78506214
78506231
78506234
78506241
78506314
78506324
78512034
78512064
78512430
78512460
78513024
78513062
78513064
78513260
78513420
78513460
78514062
78514260
78516024
78516032
78516034
78516042
78516230
78516240
78516420
78516430
78520416
78520436
78520614
78520634
78521034
78521064
78521406
78521430
78521436
78521460
78521604
78521634
78523014
78523061
78523064
78523160
78523406
78523410
78523416
78523460
78523604
78523614
78524061
78524160
78526014
78526031
78526034
78526041
78526130
78526140
78526410
78526430
78531024
78531026
78531064
78531420
78531460
78531620
78532014
78532016
78532046
78532064
78532410
78532460
78532610
78532640
78534026
78534620
78536014
78536024
78536410
78536420
78540216
78540236
78540612
78540632
78541206
78541230
78541236
78541260
78541320
78541360
78541602
78541620
78541630
78541632
78542130
78542160
78542310
78542360
78542610
78542630
78543120
78543160
78543206
78543210
78543216
78543260
78543602
78543610
78543612
78543620
78546120
78546130
78546210
78546230
78546310
78546320
78560214
78560234
78560412
78560432
78561023
78561024
78561034
78561204
78561234
78561320
78561402
78561420
78561430
78561432
78562013
78562014
78562034
78562043
78562310
78562340
78562410
78562430
78563014
78563024
78563204
78563214
78563402
78563410
78563412
78563420
78564023
78564320
78601234
78601235
78601254
78601324
78601354
78601524
78601532
78601534
78602134
78602154
78602314
78602354
78602514
78602534
78603124
78603142
78603152
78603154
78603214
78603215
78603241
78603245
78603251
78603254
78603512
78603514
78603524
78603542
78604132
78604152
78604231
78604235
78604251
78604532
78605124
78605132
78605134
78605142
78605214
78605231
78605234
78605241
78605314
78605324
78610245
78610542
78612034
78612054
78612430
78612450
78613024
78613042
78613052
78613054
78613240
78613245
78613250
78613420
78613450
78613542
78614032
78614052
78614205
78614230
78614235
78614250
78614502
78614532
78615024
78615032
78615034
78615042
78615230
78615240
78615420
78615430
78620145
78620315
78620345
78620415
78621034
78621035
78621054
78621305
78621405
78621430
78621435
78621450
78623014
78623015
78623041
78623045
78623051
78623054
78623140
78623145
78623150
78623410
78623415
78623450
78624031
78624035
78624051
78624105
78624130
78624135
78624150
78624305
78625014
78625031
78625034
78625041
78625130
78625140
78625410
78625430
78630215
78630245
78630415
78630425
78630512
78630514
78630524
78630542
78631024
78631054
78631205
78631405
78631420
78631425
78631450
78631502
78631504
78631524
78632014
78632054
78632405
78632410
78632415
78632450
78632504
78632514
78634205
78634502
78635014
78635024
78635410
78635420
78640215
78640315
78640325
78640512
78640513
78640523
78641205
78641230
78641235
78641250
78641305
78641320
78641325
78641350
78641502
78641503
78641520
78641523
78641530
78641532
78642130
78642150
78642305
78642310
78642315
78642350
78642503
78642510
78642513
78642530
78643120
78643150
78643210
78643215
78643250
78643510
78643512
78643520
78645120
78645130
78645210
78645230
78645310
78645320
78650142
78650312
78650314
78650324
78650342
78650412
78650413
78650423
78651024
78651032
78651034
78651302
78651304
78651324
78651402
78651403
78651420
78651423
78651430
78651432
78652014
78652034
78652304
78652314
78652403
78652410
78652413
78652430
78653012
78653014
78653024
78653042
78653142
78653410
78653412
78653420
78654032
78654102
78654132
78654302
80312467
80312764
80314562
80314572
80314672
80314762
80315462
80315467
80315472
80315672
80315762
80315764
80316427
80316452
80316457
80316542
80316724
80316742
80316752
80316754
80317452
80317542
80317642
80317652
80321456
80321476
80321654
80321674
80324561
80324571
80324671
80324761
80325416
80325461
80325471
80325476
80325614
80325671
80325674
80325761
80326451
80326541
80326741
80326751
80327416
80327451
80327456
80327541
80327614
80327641
80327651
80327654
80341256
80341276
80341652
80341672
80342167
80342761
80345162
80345167
80345172
80345216
80345261
80345271
80345276
80345612
80345672
80345761
80346127
80346152
80346157
80346251
80346721
80346751
80347152
80347216
80347251
80347256
80347612
80347652
80354162
80354172
80354261
80354271
80356142
80356241
80357142
80357241
80361254
80361274
80361452
80361472
80364172
80364271
80365172
80365214
80365271
80365274
80365412
80365472
80367142
80367152
80367214
80367241
80367251
80367254
80367412
80367452
80372164
80372461
80374162
80374261
80375162
80375164
80375261
80375461
80376124
80376142
80376152
80376154
80376241
80376251
80376421
80376451
80431256
80431526
80431726
80431756
80432176
80432516
80432576
80432716
80435162
80435172
80435176
80435216
80435261
80435271
80435276
80435716
80436152
80436251
80437126
80437152
80437156
80437251
80437256
80437526
80461253
80461523
80461723
80461753
80462173
80462513
80462573
80462713
80463172
80463271
80465172
80465173
80465213
80465271
80465273
80465713
80467123
80467132
80467152
80467153
80467231
80467251
80467253
80467523
80471326
80471356
80471623
80471653
80472316
80472613
80473162
80473261
80475162
80475261
80475316
80475613
80476132
80476152
80476231
80476251
80612437
80612734
80613427
80613452
80613457
80613542
80613724
80613742
80613752
80613754
80614352
80614532
80614732
80614752
80615342
80615432
80615437
80615732
80615734
80615742
80623451
80623541
80623741
80623751
80624351
80624531
80624731
80624751
80625341
80625431
80625731
80625741
80631425
80631524
80632415
80632514
80634152
80634251
80635142
80635241
80641325
80641523
80642137
80642315
80642513
80642731
80643127
80643152
80643157
80643251
80643721
80643751
80645132
80645137
80645231
80645731
80651324
80651423
80652314
80652413
80653142
80653241
80654132
80654231
80672134
80672431
80673124
80673142
80673152
80673154
80673241
80673251
80673421
80673451
80674132
80674152
80674231
80674251
80675132
80675134
80675142
80675231
80675241
80675431
80712346
80712643
80713452
80713542
80713642
80713652
80714326
80714352
80714356
80714532
80714623
80714632
80714652
80714653
80715342
80715346
80715432
80715632
80715642
80715643
80721356
80721436
80721456
80721634
80721653
80721654
80723416
80723451
80723456
80723541
80723614
80723641
80723651
80723654
80724351
80724356
80724531
80724631
80724651
80724653
80725316
80725341
80725346
80725416
80725431
80725436
80725613
80725614
80725631
80725634
80725641
80725643
80731256
80731425
80731426
80731456
80731524
80731526
80732146
80732415
80732416
80732514
80732516
80732546
80734126
80734152
80734156
80734251
80734256
80734526
80735142
80735146
80735216
80735241
80735246
80735416
80741236
80741256
80741325
80741326
80741356
80741523
80741623
80741632
80741652
80741653
80742315
80742316
80742513
80742613
80743152
80743216
80743251
80743256
80743612
80743652
80745132
80745216
80745231
80745236
80745316
80745612
80745613
80745632
80751324
80751326
80751423
80751623
80752314
80752316
80752346
80752413
80752613
80752643
80753142
80753241
80754132
80754231
80754326
80754623
80761234
80761253
80761254
80761423
80761432
80761452
80761453
80761523
80762143
80762413
80762513
80762543
80763142
80763152
80763214
80763241
80763251
80763254
80763412
80763452
80764123
80764132
80764152
80764153
80764231
80764251
80764253
80764523
80765132
80765142
80765143
80765213
80765214
80765231
80765234
80765241
80765243
80765412
80765413
80765432
83012465
83012467
83012475
83012564
83012574
83012764
83015467
83015764
83016425
83016427
83016457
83016524
83016724
83016754
83017425
83017524
83021456
83021465
83021475
83021476
83021564
83021574
83021654
83021674
83025416
83025476
83025614
83025674
83026415
83026514
83027415
83027416
83027456
83027514
83027614
83027654
83041256
83041265
83041275
83041276
83041652
83041672
83041675
83041765
83042165
83042167
83042175
83042675
83042761
83042765
83045167
83045216
83045276
83045612
83045672
83045761
83046125
83046127
83046157
83046215
83046715
83046721
83046725
83046751
83047125
83047215
83047216
83047256
83047612
83047615
83047625
83047652
83051264
83051274
83051674
83051764
83052164
83052174
83052674
83052764
83056124
83056214
83056714
83056724
83057124
83057214
83057614
83057624
83061254
83061274
83061452
83061472
83061475
83061574
83062475
83062574
83065214
83065274
83065412
83065472
83067214
83067254
83067412
83067415
83067425
83067452
83067514
83067524
83071465
83071564
83072164
83072461
83072465
83072564
83075164
83075461
83076124
83076154
83076415
83076421
83076425
83076451
83076514
83076524
83102465
83102475
83102476
83102546
83102564
83102574
83102576
83102746
83104256
83104526
83104726
83104756
83105246
83105276
83105476
83105746
83106425
83106524
83107256
83107425
83107426
83107456
83107524
83107526
83120456
83120465
83120475
83120476
83120564
83120574
83120654
83120674
83124056
83124650
83125046
83125076
83125406
83125476
83125604
83125640
83125670
83125674
83126405
83126504
83127056
83127405
83127406
83127456
83127504
83127604
83127650
83127654
83140256
83140265
83140275
83140276
83140652
83140672
83140675
83140765
83142065
83142075
83142076
83142670
83142675
83142765
83145076
83145206
83145276
83145602
83145670
83145672
83146025
83146205
83146705
83146725
83147025
83147026
83147056
83147205
83147206
83147256
83147602
83147605
83147620
83147625
83147650
83147652
83150264
83150274
83150674
83150764
83152046
83152064
83152074
83152076
83152640
83152670
83152674
83152764
83154026
83154620
83156024
83156204
83156704
83156724
83157024
83157026
83157204
83157604
83157620
83157624
83160254
83160274
83160452
83160472
83160475
83160574
83162470
83162475
83162540
83162570
83162574
83162740
83164250
83164520
83164720
83164750
83165204
83165240
83165270
83165274
83165402
83165470
83165472
83165740
83167204
83167250
83167254
83167402
83167405
83167420
83167425
83167450
83167452
83167504
83167520
83167524
83170465
83170564
83172046
83172465
83172564
83172640
83174026
83174056
83174620
83174650
83175046
83175640
83176405
83176425
83176504
83176524
83201465
83201475
83201476
83201546
83201564
83201574
83201576
83201746
83204176
83204516
83204576
83204716
83206415
83206514
83207146
83207415
83207416
83207514
83207516
83207546
83210465
83210467
83210475
83210564
83210574
83210764
83214076
83214670
83216405
83216407
83216504
83216704
83217046
83217405
83217504
83217640
83240165
83240167
83240175
83240675
83240761
83240765
83241065
83241075
83241076
83241670
83241675
83241765
83246015
83246105
83246107
83246701
83246705
83246715
83247015
83247016
83247105
83247605
83247610
83247615
83250164
83250174
83250674
83250764
83251046
83251064
83251074
83251076
83251640
83251670
83251674
83251764
83254016
83254076
83254610
83254670
83256014
83256104
83256704
83256714
83257014
83257016
83257046
83257104
83257604
83257610
83257614
83257640
83260475
83260574
83261470
83261475
83261540
83261570
83261574
83261740
83264170
83264510
83264570
83264710
83267140
83267405
83267410
83267415
83267504
83267510
83267514
83267540
83270164
83270461
83270465
83270564
83271046
83271465
83271564
83271640
83274016
83274610
83276104
83276401
83276405
83276415
83276504
83276514
83401256
83401526
83401726
83401756
83402176
83402516
83402576
83402716
83405162
83405172
83405176
83405216
83405261
83405271
83405276
83405716
83406152
83406251
83407126
83407152
83407156
83407251
83407256
83407526
83412076
83412670
83415062
83415072
83415076
83415260
83415270
83415670
83416052
83416250
83417026
83417052
83417056
83417250
83417620
83417650
83421056
83421650
83425016
83425061
83425071
83425076
83425160
83425170
83425610
83425670
83426051
83426150
83427051
83427056
83427150
83427650
83451026
83451620
83452016
83452076
83452610
83452670
83457026
83457620
83461250
83461520
83461720
83461750
83462170
83462510
83462570
83462710
83465170
83465210
83465270
83465710
83467120
83467150
83467250
83467520
83471026
83471056
83471620
83471650
83472016
83472610
83475016
83475610
83501246
83501276
83501476
83501746
83504162
83504172
83504176
83504216
83504261
83504271
83504276
83504716
83506142
83506241
83507142
83507146
83507216
83507241
83507246
83507416
83510467
83510764
83514062
83514072
83514076
83514260
83514270
83514670
83516042
83516240
83516407
83516704
83517042
83517046
83517240
83517640
83520416
83520476
83520614
83520674
83521046
83521076
83521406
83521476
83521604
83521640
83521670
83521674
83524016
83524061
83524071
83524076
83524160
83524170
83524610
83524670
83526041
83526140
83527016
83527041
83527046
83527140
83527406
83527416
83527604
83527610
83527614
83527640
83540167
83540216
83540276
83540612
83540672
83540761
83541076
83541206
83541276
83541602
83541670
83541672
83546107
83546701
83547016
83547206
83547216
83547602
83547610
83547612
83560214
83560274
83560412
83560472
83561204
83561240
83561270
83561274
83561402
83561470
83561472
83561740
83564170
83564210
83564270
83564710
83567140
83567204
83567210
83567214
83567240
83567402
83567410
83567412
83570164
83570461
83571046
83571640
83574016
83574610
83576104
83576401
83601425
83601524
83602415
83602514
83604152
83604251
83605142
83605241
83610425
83610427
83610457
83610524
83610724
83610754
83612405
83612407
83612504
83612704
83614052
83614250
83615042
83615240
83615407
83615704
83620415
83620514
83621405
83621504
83624051
83624150
83625041
83625140
83640125
83640127
83640157
83640215
83640715
83640721
83640725
83640751
83641025
83641205
83641705
83641725
83642015
83642105
83642107
83642701
83642705
83642715
83645107
83645701
83650124
83650214
83650714
83650724
83651024
83651204
83651704
83651724
83652014
83652104
83652704
83652714
83670124
83670154
83670415
83670421
83670425
83670451
83670514
83670524
83671405
83671425
83671504
83671524
83672104
83672401
83672405
83672415
83672504
83672514
83675104
83675401
83701256
83701425
83701426
83701456
83701524
83701526
83702146
83702415
83702416
83702514
83702516
83702546
83704126
83704152
83704156
83704251
83704256
83704526
83705142
83705146
83705216
83705241
83705246
83705416
83710425
83710524
83712046
83712405
83712504
83712640
83714026
83714052
83714056
83714250
83714620
83714650
83715042
83715046
83715240
83715640
83720415
83720416
83720456
83720514
83720614
83720654
83721056
83721405
83721406
83721456
83721504
83721604
83721650
83721654
83724051
83724056
83724150
83724650
83725016
83725041
83725046
83725140
83725406
83725416
83725604
83725610
83725614
83725640
83740125
83740215
83740216
83740256
83740612
83740615
83740625
83740652
83741025
83741026
83741056
83741205
83741206
83741256
83741602
83741605
83741620
83741625
83741650
83741652
83742015
83742016
83742105
83742605
83742610
83742615
83745016
83745206
83745216
83745602
83745610
83745612
83750124
83750214
83750614
83750624
83751024
83751026
83751204
83751604
83751620
83751624
83752014
83752016
83752046
83752104
83752604
83752610
83752614
83752640
83754026
83754620
83760214
83760254
83760412
83760415
83760425
83760452
83760514
83760524
83761204
83761250
83761254
83761402
83761405
83761420
83761425
83761450
83761452
83761504
83761520
83761524
83762140
83762405
83762410
83762415
83762504
83762510
83762514
83762540
83764120
83764150
83764250
83764520
83765140
83765204
83765210
83765214
83765240
83765402
83765410
83765412
84031256
84031265
84031275
84031276
84031652
84031672
84031675
84031765
84032165
84032167
84032175
84032675
84032761
84032765
84035167
84035216
84035276
84035612
84035672
84035761
84036125
84036127
84036157
84036215
84036715
84036721
84036725
84036751
84037125
84037215
84037216
84037256
84037612
84037615
84037625
84037652
84061352
84061372
84061375
84061532
84061572
84061573
84061732
84061752
84062137
84062375
84062573
84062731
84063127
84063152
84063157
84063172
84063512
84063572
84063712
84063721
84063751
84063752
84065132
84065137
84065172
84065312
84065372
84065712
84065731
84065732
84067132
84067152
84067312
84067315
84067325
84067352
84067512
84067513
84067523
84067532
84071236
84071256
84071365
84071563
84071632
84071652
84072361
84072365
84072531
84072561
84072563
84072631
84073216
84073251
84073256
84073521
84073612
84073621
84073651
84073652
84075216
84075231
84075236
84075261
84075361
84075612
84075631
84075632
84076251
84076315
84076321
84076325
84076351
84076513
84076521
84076523
84301256
84301276
84301652
84301672
84302167
84302761
84305162
84305167
84305172
84305216
84305261
84305271
84305276
84305612
84305672
84305761
84306127
84306152
84306157
84306251
84306721
84306751
84307152
84307216
84307251
84307256
84307612
84307652
84310256
84310257
84310276
84310527
84310627
84310652
84310657
84310672
84312067
84312507
84312567
84312607
84315062
84315067
84315072
84315206
84315207
84315260
84315267
84315270
84315276
84315602
84315607
84315672
84316027
84316052
84316057
84316250
84316257
84316527
84317052
84317206
84317250
84317256
84317602
84317652
84320156
84320157
84320176
84320516
84320576
84320716
84320751
84320756
84321056
84321076
84321506
84321576
84321706
84321756
84325016
84325061
84325071
84325076
84325106
84325107
84325160
84325167
84325170
84325176
84325701
84325706
84325716
84325761
84326051
84326150
84326157
84326751
84327016
84327051
84327056
84327106
84327150
84327156
84327506
84327516
84350127
84350216
84350276
84350612
84350672
84350721
84351206
84351276
84351602
84351672
84352107
84352167
84352701
84352761
84356127
84356721
84357206
84357216
84357602
84357612
84360127
84360152
84360157
84360172
84360512
84360572
84360712
84360721
84360751
84360752
84361052
84361072
84361502
84361572
84361702
84361752
84362107
84362701
84365012
84365072
84365102
84365107
84365172
84365701
84365702
84365712
84367012
84367052
84367102
84367152
84367502
84367512
84370216
84370251
84370256
84370521
84370612
84370621
84370651
84370652
84371206
84371256
84371602
84371652
84372061
84372501
84372561
84372601
84375061
84375201
84375206
84375216
84375261
84375601
84375602
84375612
84376021
84376051
84376251
84376521
84601325
84601523
84602137
84602315
84602513
84602731
84603127
84603152
84603157
84603251
84603721
84603751
84605132
84605137
84605231
84605731
84610257
84610325
84610327
84610357
84610523
84610527
84612037
84612305
84612307
84612503
84612507
84612537
84613027
84613052
84613057
84613250
84613257
84613527
84615032
84615037
84615207
84615230
84615237
84615307
84620157
84620315
84620513
84620751
84621305
84621503
84623051
84623150
84623157
84623751
84625031
84625107
84625130
84625137
84625701
84625731
84630125
84630127
84630157
84630215
84630715
84630721
84630725
84630751
84631025
84631205
84631705
84631725
84632015
84632105
84632107
84632701
84632705
84632715
84635107
84635701
84650123
84650127
84650213
84650713
84650721
84650723
84651023
84651203
84651703
84651723
84652013
84652103
84652107
84652137
84652701
84652703
84652713
84652731
84653127
84653721
84670251
84670315
84670321
84670325
84670351
84670513
84670521
84670523
84671305
84671325
84671503
84671523
84672031
84672301
84672305
84672315
84672501
84672503
84672513
84672531
84673021
84673051
84673251
84673521
84675031
84675201
84675231
84675301
84701236
84701256
84701325
84701326
84701356
84701523
84701623
84701632
84701652
84701653
84702315
84702316
84702513
84702613
84703152
84703216
84703251
84703256
84703612
84703652
84705132
84705216
84705231
84705236
84705316
84705612
84705613
84705632
84710236
84710256
84710325
84710523
84710632
84710652
84712305
84712503
84713052
84713206
84713250
84713256
84713602
84713652
84715032
84715206
84715230
84715236
84715602
84715632
84720136
84720156
84720315
84720316
84720356
84720513
84720516
84720536
84721036
84721056
84721305
84721306
84721356
84721503
84721506
84721536
84723016
84723051
84723056
84723106
84723150
84723156
84723506
84723516
84725016
84725031
84725036
84725106
84725130
84725136
84725306
84725316
84730125
84730215
84730216
84730256
84730612
84730615
84730625
84730652
84731025
84731026
84731056
84731205
84731206
84731256
84731602
84731605
84731620
84731625
84731650
84731652
84732015
84732016
84732105
84732605
84732610
84732615
84735016
84735206
84735216
84735602
84735610
84735612
84750123
84750213
84750216
84750236
84750612
84750613
84750623
84750632
84751023
84751203
84751206
84751236
84751602
84751603
84751623
84751632
84752013
84752103
84752603
84752613
84753206
84753216
84753602
84753612
84760132
84760152
84760312
84760315
84760325
84760352
84760512
84760513
84760523
84760532
84761023
84761032
84761052
84761053
84761302
84761305
84761320
84761325
84761350
84761352
84761502
84761503
84761523
84761532
84762013
84762305
84762310
84762315
84762503
84762513
84763012
84763052
84763102
84763152
84763502
84763512
84765012
84765013
84765032
84765102
84765132
84765302
84765310
84765312
86012437
86012734
86013254
86013274
86013427
86013452
86013457
86013472
86013724
86013754
86015234
86015274
86015432
86015437
86015472
86015734
86017234
86017254
86017432
86017452
86021354
86021374
86021534
86021574
86021734
86021754
86023154
86023174
86023514
86023574
86023714
86023754
86025134
86025174
86025314
86025374
86025714
86025734
86027134
86027154
86027314
86027354
86027514
86027534
86031254
86031274
86031452
86031472
86031475
86031574
86032475
86032574
86035214
86035274
86035412
86035472
86037214
86037254
86037412
86037415
86037425
86037452
86037514
86037524
86041352
86041372
86041375
86041532
86041572
86041573
86041732
86041752
86042137
86042375
86042573
86042731
86043127
86043152
86043157
86043172
86043512
86043572
86043712
86043721
86043751
86043752
86045132
86045137
86045172
86045312
86045372
86045712
86045731
86045732
86047132
86047152
86047312
86047315
86047325
86047352
86047512
86047513
86047523
86047532
86051234
86051274
86051374
86051432
86051472
86051473
86052374
86052473
86053214
86053274
86053412
86053472
86057214
86057234
86057314
86057324
86057412
86057413
86057423
86057432
86071234
86071254
86071432
86071452
86072134
86072431
86073124
86073154
86073214
86073254
86073412
86073421
86073451
86073452
86075134
86075214
86075234
86075412
86075431
86075432
86102473
86102543
86102573
86102743
86103254
86103274
86103452
86103472
86104253
86104523
86104723
86104753
86105234
86105243
86105273
86105274
86105432
86105472
86105473
86105743
86107234
86107253
86107254
86107423
86107432
86107452
86107453
86107523
86120354
86120374
86120534
86120574
86120734
86120754
86123054
86123074
86123504
86123574
86123704
86123754
86124053
86124350
86125034
86125043
86125073
86125074
86125304
86125340
86125370
86125374
86125704
86125734
86127034
86127053
86127054
86127304
86127350
86127354
86127504
86127534
86130254
86130274
86130452
86130472
86130475
86130574
86132470
86132475
86132540
86132570
86132574
86132740
86134250
86134520
86134720
86134750
86135204
86135240
86135270
86135274
86135402
86135470
86135472
86135740
86137204
86137250
86137254
86137402
86137405
86137420
86137425
86137450
86137452
86137504
86137520
86137524
86140352
86140372
86140375
86140532
86140572
86140573
86140732
86140752
86142073
86142370
86142375
86142573
86143052
86143072
86143502
86143572
86143702
86143752
86145032
86145072
86145073
86145302
86145370
86145372
86145702
86145732
86147023
86147032
86147052
86147053
86147302
86147305
86147320
86147325
86147350
86147352
86147502
86147503
86147523
86147532
86150234
86150274
86150374
86150432
86150472
86150473
86152043
86152073
86152340
86152370
86152374
86152473
86153204
86153274
86153402
86153472
86154023
86154320
86157023
86157204
86157234
86157304
86157320
86157324
86157402
86157403
86157423
86157432
86170234
86170254
86170432
86170452
86172043
86172340
86173204
86173254
86173402
86173452
86174023
86174053
86174320
86174350
86175043
86175204
86175234
86175340
86175402
86175432
86201473
86201543
86201573
86201743
86204173
86204513
86204573
86204713
86207143
86207413
86207513
86207543
86210437
86210734
86213407
86213704
86214073
86214370
86217043
86217340
86230475
86230574
86231470
86231475
86231540
86231570
86231574
86231740
86234170
86234510
86234570
86234710
86237140
86237405
86237410
86237415
86237504
86237510
86237514
86237540
86240137
86240375
86240573
86240731
86241073
86241370
86241375
86241573
86243107
86243701
86247013
86247305
86247310
86247315
86247503
86247513
86250374
86250473
86251043
86251073
86251340
86251370
86251374
86251473
86254013
86254073
86254310
86254370
86257013
86257043
86257304
86257310
86257314
86257340
86257403
86257413
86270134
86270431
86271043
86271340
86273104
86273401
86274013
86274310
86301254
86301274
86301452
86301472
86304172
86304271
86305172
86305214
86305271
86305274
86305412
86305472
86307142
86307152
86307214
86307241
86307251
86307254
86307412
86307452
86310254
86310274
86310427
86310452
86310457
86310472
86310724
86310754
86312407
86312704
86314072
86314270
86315072
86315204
86315270
86315274
86315402
86315407
86315472
86315704
86317042
86317052
86317204
86317240
86317250
86317254
86317402
86317452
86320154
86320174
86320514
86320574
86320714
86320754
86321054
86321074
86321504
86321574
86321704
86321754
86324071
86324170
86325014
86325071
86325074
86325104
86325170
86325174
86325704
86325714
86327014
86327041
86327051
86327054
86327104
86327140
86327150
86327154
86327504
86327514
86340127
86340152
86340157
86340172
86340512
86340572
86340712
86340721
86340751
86340752
86341052
86341072
86341502
86341572
86341702
86341752
86342107
86342701
86345012
86345072
86345102
86345107
86345172
86345701
86345702
86345712
86347012
86347052
86347102
86347152
86347502
86347512
86350214
86350274
86350412
86350472
86351204
86351274
86351402
86351472
86357204
86357214
86357402
86357412
86370124
86370154
86370214
86370254
86370412
86370421
86370451
86370452
86371204
86371254
86371402
86371452
86372104
86372401
86375104
86375204
86375214
86375401
86375402
86375412
86401253
86401523
86401723
86401753
86402173
86402513
86402573
86402713
86403172
86403271
86405172
86405173
86405213
86405271
86405273
86405713
86407123
86407132
86407152
86407153
86407231
86407251
86407253
86407523
86412073
86412370
86413072
86413270
86415072
86415073
86415270
86415370
86417023
86417032
86417052
86417053
86417230
86417250
86417320
86417350
86421053
86421350
86423071
86423170
86425013
86425071
86425073
86425170
86425310
86425370
86427031
86427051
86427053
86427130
86427150
86427350
86431250
86431520
86431720
86431750
86432170
86432510
86432570
86432710
86435170
86435210
86435270
86435710
86437120
86437150
86437250
86437520
86451023
86451320
86452013
86452073
86452310
86452370
86457023
86457320
86471023
86471053
86471320
86471350
86472013
86472310
86475013
86475310
86501234
86501243
86501273
86501274
86501432
86501472
86501473
86501743
86503172
86503214
86503271
86503274
86503412
86503472
86504172
86504173
86504213
86504271
86504273
86504713
86507132
86507142
86507143
86507213
86507214
86507231
86507234
86507241
86507243
86507412
86507413
86507432
86510234
86510274
86510432
86510437
86510472
86510734
86513072
86513204
86513270
86513274
86513402
86513407
86513472
86513704
86514072
86514073
86514270
86514370
86517032
86517042
86517043
86517204
86517230
86517234
86517240
86517340
86517402
86517432
86520134
86520174
86520314
86520374
86520714
86520734
86521034
86521043
86521073
86521074
86521304
86521340
86521370
86521374
86521704
86521734
86523014
86523071
86523074
86523104
86523170
86523174
86523704
86523714
86524013
86524071
86524073
86524170
86524310
86524370
86527013
86527014
86527031
86527034
86527041
86527043
86527104
86527130
86527134
86527140
86527304
86527310
86527314
86527340
86530214
86530274
86530412
86530472
86531204
86531240
86531270
86531274
86531402
86531470
86531472
86531740
86534170
86534210
86534270
86534710
86537140
86537204
86537210
86537214
86537240
86537402
86537410
86537412
86540132
86540137
86540172
86540312
86540372
86540712
86540731
86540732
86541032
86541072
86541073
86541302
86541370
86541372
86541702
86541732
86543012
86543072
86543102
86543107
86543172
86543701
86543702
86543712
86547012
86547013
86547032
86547102
86547132
86547302
86547310
86547312
86570134
86570214
86570234
86570412
86570431
86570432
86571043
86571204
86571234
86571340
86571402
86571432
86573104
86573204
86573214
86573401
86573402
86573412
86574013
86574310
86701234
86701253
86701254
86701423
86701432
86701452
86701453
86701523
86702143
86702413
86702513
86702543
86703142
86703152
86703214
86703241
86703251
86703254
86703412
86703452
86704123
86704132
86704152
86704153
86704231
86704251
86704253
86704523
86705132
86705142
86705143
86705213
86705214
86705231
86705234
86705241
86705243
86705412
86705413
86705432
86710234
86710254
86710432
86710452
86712043
86712340
86713042
86713052
86713204
86713240
86713250
86713254
86713402
86713452
86714023
86714032
86714052
86714053
86714230
86714250
86714320
86714350
86715032
86715042
86715043
86715204
86715230
86715234
86715240
86715340
86715402
86715432
86720134
86720154
86720314
86720354
86720514
86720534
86721034
86721053
86721054
86721304
86721350
86721354
86721504
86721534
86723014
86723041
86723051
86723054
86723104
86723140
86723150
86723154
86723504
86723514
86724031
86724051
86724053
86724130
86724150
86724350
86725013
86725014
86725031
86725034
86725041
86725043
86725104
86725130
86725134
86725140
86725304
86725310
86725314
86725340
86730214
86730254
86730412
86730415
86730425
86730452
86730514
86730524
86731204
86731250
86731254
86731402
86731405
86731420
86731425
86731450
86731452
86731504
86731520
86731524
86732140
86732405
86732410
86732415
86732504
86732510
86732514
86732540
86734120
86734150
86734250
86734520
86735140
86735204
86735210
86735214
86735240
86735402
86735410
86735412
86740132
86740152
86740312
86740315
86740325
86740352
86740512
86740513
86740523
86740532
86741023
86741032
86741052
86741053
86741302
86741305
86741320
86741325
86741350
86741352
86741502
86741503
86741523
86741532
86742013
86742305
86742310
86742315
86742503
86742513
86743012
86743052
86743102
86743152
86743502
86743512
86745012
86745013
86745032
86745102
86745132
86745302
86745310
86745312
86750214
86750234
86750314
86750324
86750412
86750413
86750423
86750432
86751023
86751204
86751234
86751304
86751320
86751324
86751402
86751403
86751423
86751432
86752013
86752043
86752304
86752310
86752314
86752340
86752403
86752413
86753204
86753214
86753402
86753412
86754023
86754320
87012364
87012534
87012564
87012634
87013254
87013524
87013624
87013654
87015234
87015264
87015364
87015634
87016254
87016324
87016354
87016524
87021436
87021456
87021634
87021654
87023154
87023416
87023451
87023456
87023614
87023654
87025134
87025164
87025416
87025431
87025436
87025461
87025614
87025634
87026154
87026451
87031465
87031564
87032164
87032461
87032465
87032564
87035164
87035461
87036124
87036154
87036415
87036421
87036425
87036451
87036514
87036524
87041236
87041256
87041365
87041563
87041632
87041652
87042361
87042365
87042531
87042561
87042563
87042631
87043216
87043251
87043256
87043521
87043612
87043621
87043651
87043652
87045216
87045231
87045236
87045261
87045361
87045612
87045631
87045632
87046251
87046315
87046321
87046325
87046351
87046513
87046521
87046523
87051364
87051463
87052134
87052164
87052364
87052431
87052461
87052463
87053124
87053421
87056124
87056314
87056324
87056413
87056421
87056423
87061234
87061254
87061432
87061452
87062134
87062431
87063124
87063154
87063214
87063254
87063412
87063421
87063451
87063452
87065134
87065214
87065234
87065412
87065431
87065432
87102346
87102643
87104326
87104356
87104623
87104653
87105346
87105643
87120436
87120456
87120634
87120654
87123406
87123456
87123604
87123654
87125406
87125436
87125604
87125634
87130465
87130564
87132046
87132465
87132564
87132640
87134026
87134056
87134620
87134650
87135046
87135640
87136405
87136425
87136504
87136524
87140236
87140256
87140365
87140563
87140632
87140652
87142365
87142563
87143206
87143256
87143602
87143652
87145206
87145236
87145602
87145632
87146305
87146325
87146503
87146523
87150364
87150463
87152364
87152463
87156304
87156324
87156403
87156423
87160234
87160254
87160432
87160452
87162043
87162340
87163204
87163254
87163402
87163452
87164023
87164053
87164320
87164350
87165043
87165204
87165234
87165340
87165402
87165432
87201346
87201643
87203164
87203461
87204316
87204613
87206134
87206431
87210364
87210534
87210564
87210634
87213064
87213504
87213564
87213604
87216034
87216304
87216504
87216534
87230164
87230461
87230465
87230564
87231046
87231465
87231564
87231640
87234016
87234610
87236104
87236401
87236405
87236415
87236504
87236514
87240361
87240365
87240531
87240561
87240563
87240631
87241365
87241563
87243061
87243501
87243561
87243601
87246031
87246301
87246305
87246315
87246501
87246503
87246513
87246531
87250134
87250164
87250364
87250431
87250461
87250463
87251364
87251463
87253104
87253164
87253401
87253461
87256104
87256134
87256304
87256314
87256401
87256403
87256413
87256431
87260134
87260431
87261043
87261340
87263104
87263401
87264013
87264310
87302164
87302461
87304162
87304261
87305162
87305164
87305261
87305461
87306124
87306142
87306152
87306154
87306241
87306251
87306421
87306451
87310254
87310524
87310624
87310654
87312064
87312504
87312564
87312604
87314062
87314260
87315062
87315064
87315204
87315260
87315264
87315604
87316024
87316042
87316052
87316054
87316240
87316250
87316254
87316524
87320154
87320416
87320451
87320456
87320614
87320654
87321406
87321456
87321604
87321654
87324061
87324160
87325061
87325104
87325160
87325164
87325401
87325406
87325416
87325461
87325604
87325614
87326041
87326051
87326140
87326150
87326154
87326451
87340216
87340251
87340256
87340521
87340612
87340621
87340651
87340652
87341206
87341256
87341602
87341652
87342061
87342501
87342561
87342601
87345061
87345201
87345206
87345216
87345261
87345601
87345602
87345612
87346021
87346051
87346251
87346521
87350124
87350421
87352104
87352164
87352401
87352461
87356124
87356421
87360124
87360154
87360214
87360254
87360412
87360421
87360451
87360452
87361204
87361254
87361402
87361452
87362104
87362401
87365104
87365204
87365214
87365401
87365402
87365412
87401326
87401356
87401623
87401653
87402316
87402613
87403162
87403261
87405162
87405261
87405316
87405613
87406132
87406152
87406231
87406251
87413062
87413260
87415062
87415260
87416032
87416052
87416230
87416250
87423061
87423160
87425061
87425160
87426031
87426051
87426130
87426150
87431026
87431056
87431620
87431650
87432016
87432610
87435016
87435610
87461023
87461053
87461320
87461350
87462013
87462310
87465013
87465310
87501346
87501643
87503162
87503164
87503261
87503461
87504162
87504261
87504316
87504613
87506132
87506134
87506142
87506231
87506241
87506431
87510234
87510264
87510364
87510634
87513062
87513064
87513204
87513260
87513264
87513604
87514062
87514260
87516032
87516034
87516042
87516204
87516230
87516234
87516240
87516304
87520134
87520164
87520416
87520431
87520436
87520461
87520614
87520634
87521406
87521436
87521604
87521634
87523061
87523104
87523160
87523164
87523401
87523406
87523416
87523461
87523604
87523614
87524061
87524160
87526031
87526041
87526104
87526130
87526134
87526140
87526401
87526431
87530164
87530461
87531046
87531640
87534016
87534610
87536104
87536401
87540216
87540231
87540236
87540261
87540361
87540612
87540631
87540632
87541206
87541236
87541602
87541632
87543061
87543201
87543206
87543216
87543261
87543601
87543602
87543612
87546031
87546201
87546231
87546301
87560134
87560214
87560234
87560412
87560431
87560432
87561043
87561204
87561234
87561340
87561402
87561432
87563104
87563204
87563214
87563401
87563402
87563412
87564013
87564310
87602134
87602431
87603124
87603142
87603152
87603154
87603241
87603251
87603421
87603451
87604132
87604152
87604231
87604251
87605132
87605134
87605142
87605231
87605241
87605431
87610254
87610324
87610354
87610524
87612034
87612304
87612504
87612534
87613024
87613042
87613052
87613054
87613240
87613250
87613254
87613524
87614032
87614052
87614230
87614250
87615032
87615034
87615042
87615204
87615230
87615234
87615240
87615304
87620154
87620451
87623041
87623051
87623140
87623150
87623154
87623451
87624031
87624051
87624130
87624150
87625031
87625041
87625104
87625130
87625134
87625140
87625401
87625431
87630124
87630154
87630415
87630421
87630425
87630451
87630514
87630524
87631405
87631425
87631504
87631524
87632104
87632401
87632405
87632415
87632504
87632514
87635104
87635401
87640251
87640315
87640321
87640325
87640351
87640513
87640521
87640523
87641305
87641325
87641503
87641523
87642031
87642301
87642305
87642315
87642501
87642503
87642513
87642531
87643021
87643051
87643251
87643521
87645031
87645201
87645231
87645301
87650124
87650314
87650324
87650413
87650421
87650423
87651304
87651324
87651403
87651423
87652104
87652134
87652304
87652314
87652401
87652403
87652413
87652431
87653124
87653421
