471203
471205
471206
471208
471230
471235
471236
471238
471250
471253
471256
471258
471260
471263
471265
471268
471280
471283
471285
471286
471502
471503
471506
471508
471520
471523
471526
471528
471530
471532
471536
471538
471560
471562
471563
471568
471580
471582
471583
471586
471802
471803
471805
471820
471823
471825
471830
471832
471835
471850
471852
471853
471860
471862
471863
471865
472013
472015
472016
472018
472031
472035
472036
472038
472051
472053
472056
472058
472081
472083
472085
472086
472103
472105
472106
472108
472130
472135
472136
472138
472150
472153
472156
472158
472180
472183
472185
472186
472301
472305
472306
472308
472310
472315
472316
472318
472350
472351
472356
472358
472380
472381
472385
472386
472501
472503
472506
472508
472510
472513
472516
472518
472530
472531
472536
472538
472580
472581
472583
472586
472601
472603
472605
472610
472613
472615
472630
472631
472635
472650
472651
472653
472680
472681
472683
472685
472801
472803
472805
472810
472813
472815
472830
472831
472835
472850
472851
472853
475012
475013
475016
475018
475021
475023
475026
475028
475061
475062
475063
475068
475081
475082
475083
475086
475102
475103
475106
475108
475120
475123
475126
475128
475160
475162
475163
475168
475180
475182
475183
475186
475201
475203
475206
475208
475210
475213
475216
475218
475260
475261
475263
475268
475280
475281
475283
475286
475301
475302
475306
475308
475310
475312
475316
475318
475320
475321
475326
475328
475360
475361
475362
475368
475380
475381
475382
475386
475601
475602
475603
475610
475612
475613
475620
475621
475623
475680
475681
475682
475683
475801
475802
475803
475810
475812
475813
475820
475821
475823
475860
475861
475862
475863
478012
478013
478015
478016
478021
478023
478025
478026
478031
478032
478035
478036
478051
478052
478053
478056
478061
478062
478063
478065
478120
478123
478125
478126
478130
478132
478135
478136
478150
478152
478153
478156
478160
478162
478163
478165
478210
478213
478215
478216
478230
478231
478235
478236
478250
478251
478253
478256
478260
478261
478263
478265
478310
478312
478315
478316
478320
478321
478325
478326
478350
478351
478352
478356
478360
478361
478362
478365
478510
478512
478513
478516
478520
478521
478523
478526
478530
478531
478532
478536
478560
478561
478562
478563
478610
478612
478613
478615
478620
478621
478623
478625
478630
478631
478632
478635
478650
478651
478652
478653
480312
480315
480316
480317
480321
480325
480326
480327
480351
480352
480356
480357
480361
480362
480365
480367
480371
480372
480375
480376
480612
480613
480615
480621
480623
480625
480631
480632
480635
480651
480652
480653
480671
480672
480673
480675
480712
480713
480715
480721
480723
480725
480731
480732
480735
480751
480752
480753
480761
480762
480763
480765
483012
483015
483016
483017
483021
483025
483026
483027
483061
483062
483065
483067
483071
483072
483075
483076
483102
483105
483106
483107
483120
483125
483126
483127
483160
483162
483165
483167
483170
483172
483175
483176
483201
483206
483207
483210
483216
483217
483260
483261
483267
483270
483271
483276
483501
483506
483507
483510
483516
483517
483520
483521
483526
483527
483560
483561
483567
483570
483571
483576
483601
483602
483605
483610
483612
483615
483620
483621
483625
483670
483671
483672
483675
483701
483702
483705
483710
483712
483715
483720
483721
483725
483760
483761
483762
483765
486012
486013
486015
486017
486031
486032
486035
486037
486051
486052
486053
486057
486071
486072
486073
486075
486102
486103
486105
486107
486130
486132
486135
486137
486150
486152
486153
486157
486170
486172
486173
486175
486201
486203
486207
486210
486213
486217
486230
486231
486237
486250
486251
486253
486257
486270
486271
486273
486301
486302
486305
486307
486310
486312
486315
486317
486350
486351
486352
486357
486370
486371
486372
486375
486501
486503
486507
486510
486513
486517
486530
486531
486537
486570
486571
486573
486701
486702
486703
486705
486710
486712
486713
486715
486730
486731
486732
486735
486750
486751
486752
486753
487021
487023
487025
487026
487031
487032
487035
487036
487051
487052
487053
487056
487061
487062
487063
487065
487102
487103
487105
487106
487120
487123
487125
487126
487130
487132
487135
487136
487150
487152
487153
487156
487160
487162
487163
487165
487201
487203
487206
487230
487231
487236
487250
487251
487253
487256
487260
487261
487263
487301
487302
487305
487306
487320
487321
487325
487326
487350
487351
487352
487356
487360
487361
487362
487365
487501
487503
487506
487520
487521
487523
487526
487530
487531
487536
487560
487561
487563
487601
487602
487603
487605
487620
487621
487623
487625
487630
487631
487632
487635
487650
487651
487652
487653
712034
712035
712036
712038
712043
712045
712046
712048
712053
712054
712056
712058
712063
712064
712065
712068
712083
712084
712085
712086
712304
712305
712306
712308
712340
712345
712346
712348
712350
712354
712356
712358
712360
712364
712365
712368
712380
712384
712385
712386
712403
712405
712406
712408
712430
712435
712436
712438
712450
712453
712456
712458
712460
712463
712465
712468
712480
712483
712485
712486
712503
712504
712506
712508
712530
712534
712536
712538
712540
712543
712546
712548
712560
712563
712564
712568
712580
712583
712584
712586
712603
712604
712605
712608
712630
712634
712635
712638
712640
712643
712645
712648
712650
712653
712654
712658
712680
712683
712684
712685
712803
712804
712805
712806
712830
712834
712835
712836
712840
712843
712845
712846
712850
712853
712854
712856
712860
712863
712864
712865
714203
714205
714206
714208
714235
714236
714238
714253
714256
714258
714263
714265
714268
714283
714285
714286
714502
714503
714506
714508
714520
714523
714526
714528
714530
714532
714536
714538
714560
714562
714563
714568
714580
714582
714583
714586
714802
714803
714805
714806
714820
714823
714825
714826
714830
714832
714835
714836
714850
714852
714853
714856
714860
714862
714863
714865
715023
715024
715026
715028
715034
715036
715038
715043
715046
715048
715063
715064
715068
715083
715084
715086
715203
715204
715206
715208
715234
715236
715238
715243
715246
715248
715263
715264
715268
715283
715284
715286
715302
715304
715306
715308
715320
715324
715326
715328
715340
715342
715346
715348
715360
715362
715364
715368
715380
715382
715384
715386
715402
715403
715406
715408
715420
715423
715426
715428
715430
715432
715436
715438
715460
715462
715463
715468
715480
715482
715483
715486
715602
715603
715604
715608
715620
715623
715624
715628
715630
715632
715634
715638
715640
715642
715643
715648
715680
715682
715683
715684
715802
715803
715804
715806
715820
715823
715824
715826
715830
715832
715834
715836
715840
715842
715843
715846
715860
715862
715863
715864
718023
718024
718025
718026
718034
718035
718036
718043
718045
718046
718053
718054
718056
718203
718204
718205
718206
718234
718235
718236
718243
718245
718246
718253
718254
718256
718302
718304
718305
718306
718320
718324
718325
718326
718340
718342
718345
718346
718350
718352
718354
718356
718402
718403
718405
718406
718420
718423
718425
718426
718430
718432
718435
718436
718450
718452
718453
718456
718502
718503
718504
718506
718520
718523
718524
718526
718530
718532
718534
718536
718540
718542
718543
718546
718602
718603
718604
718605
718620
718623
718624
718625
718630
718632
718634
718635
718640
718642
718643
718645
718650
718652
718653
718654
720134
720135
720136
720138
720143
720145
720146
720148
720153
720154
720156
720158
720163
720164
720165
720168
720183
720184
720185
720186
720314
720315
720316
720318
720341
720345
720346
720348
720351
720354
720356
720358
720361
720364
720365
720368
720381
720384
720385
720386
720413
720415
720418
720431
720435
720438
720451
720453
720458
720461
720463
720465
720468
720481
720483
720485
720513
720514
720516
720531
720534
720536
720541
720543
720546
720561
720563
720564
720581
720583
720584
720586
720613
720615
720618
720631
720635
720638
720641
720643
720645
720648
720651
720653
720658
720681
720683
720685
720813
720814
720816
720831
720834
720836
720841
720843
720846
720851
720853
720854
720856
720861
720863
720864
721034
721035
721036
721038
721053
721054
721056
721058
721063
721064
721065
721068
721083
721084
721085
721086
721304
721305
721306
721308
721350
721354
721356
721358
721360
721364
721365
721368
721380
721384
721385
721386
721403
721405
721408
721430
721435
721438
721450
721453
721458
721460
721463
721465
721468
721480
721483
721485
721503
721504
721506
721530
721534
721536
721560
721563
721564
721580
721583
721584
721586
721603
721605
721608
721630
721635
721638
721650
721653
721658
721680
721683
721685
721803
721804
721806
721830
721834
721836
721850
721853
721854
721856
721860
721863
721864
723014
723015
723016
723018
723045
723046
723048
723054
723056
723058
723064
723065
723068
723084
723085
723086
723104
723105
723106
723108
723145
723146
723148
723154
723156
723158
723164
723165
723168
723184
723185
723186
723401
723405
723408
723410
723415
723418
723450
723451
723458
723460
723461
723465
723468
723480
723481
723485
723501
723504
723506
723510
723514
723516
723540
723541
723546
723560
723561
723564
723580
723581
723584
723586
723601
723605
723608
723610
723615
723618
723640
723641
723645
723648
723650
723651
723658
723680
723681
723685
723801
723804
723806
723810
723814
723816
723840
723841
723846
723850
723851
723854
723856
723860
723861
723864
724035
724036
724038
724053
724056
724058
724063
724065
724068
724083
724085
724086
724103
724105
724106
724108
724135
724136
724138
724153
724156
724158
724163
724165
724168
724183
724185
724186
724301
724305
724306
724308
724350
724351
724356
724358
724360
724361
724365
724368
724380
724381
724385
724386
724501
724503
724506
724530
724531
724536
724560
724561
724563
724580
724581
724583
724586
724601
724603
724605
724608
724630
724631
724635
724638
724650
724651
724653
724658
724680
724681
724683
724685
724801
724803
724806
724830
724831
724836
724850
724851
724853
724856
724860
724861
724863
725013
725014
725016
725018
725034
725036
725038
725043
725046
725048
725063
725064
725068
725083
725084
725086
725103
725104
725106
725108
725134
725136
725138
725143
725146
725148
725163
725164
725168
725183
725184
725186
725301
725304
725306
725308
725310
725314
725316
725318
725340
725341
725346
725348
725360
725361
725364
725368
725380
725381
725384
725386
725401
725403
725408
725410
725413
725418
725430
725431
725438
725460
725461
725463
725468
725480
725481
725483
725601
725603
725608
725610
725613
725618
725630
725631
725638
725640
725641
725643
725648
725680
725681
725683
725801
725803
725804
725806
725810
725813
725814
725816
725830
725831
725834
725836
725840
725841
725843
725846
725860
725861
725863
725864
726013
726014
726015
726018
726034
726035
726038
726043
726045
726048
726053
726054
726058
726103
726104
726105
726108
726134
726135
726138
726143
726145
726148
726153
726154
726158
726301
726304
726305
726308
726310
726314
726315
726318
726340
726341
726345
726348
726350
726351
726354
726358
726401
726403
726405
726408
726410
726413
726415
726418
726430
726431
726435
726438
726450
726451
726453
726458
726501
726503
726504
726510
726513
726514
726530
726531
726534
726540
726541
726543
726801
726803
726804
726810
726813
726814
726830
726831
726834
726840
726841
726843
726850
726851
726853
726854
728013
728014
728015
728016
728034
728035
728036
728043
728045
728046
728053
728054
728056
728103
728104
728105
728106
728134
728135
728136
728143
728145
728146
728153
728154
728156
728301
728304
728305
728306
728310
728314
728315
728316
728340
728341
728345
728346
728350
728351
728354
728356
728401
728403
728405
728410
728413
728415
728430
728431
728435
728450
728451
728453
728501
728503
728504
728506
728510
728513
728514
728516
728530
728531
728534
728536
728540
728541
728543
728546
728601
728603
728605
728610
728613
728615
728630
728631
728635
728640
728641
728643
728645
728650
728651
728653
741203
741205
741208
741230
741235
741238
741250
741253
741258
741260
741263
741265
741268
741280
741283
741285
741502
741506
741508
741520
741526
741528
741530
741532
741536
741538
741560
741562
741568
741580
741582
741586
741802
741803
741805
741806
741823
741825
741826
741832
741835
741836
741852
741853
741856
741862
741863
741865
742013
742015
742016
742031
742035
742036
742051
742053
742056
742061
742063
742065
742081
742083
742085
742086
742103
742105
742106
742108
742130
742135
742136
742138
742150
742153
742156
742158
742160
742163
742165
742168
742180
742183
742185
742186
742301
742306
742308
742310
742316
742318
742350
742351
742356
742358
742360
742361
742368
742380
742381
742386
742501
742506
742508
742510
742516
742518
742530
742531
742536
742538
742560
742561
742568
742580
742581
742586
742601
742603
742605
742608
742610
742613
742615
742618
742630
742631
742635
742638
742650
742651
742653
742658
742680
742681
742683
742685
742801
742803
742805
742806
742813
742815
742816
742831
742835
742836
742851
742853
742856
742861
742863
742865
745012
745013
745016
745021
745023
745026
745031
745032
745036
745061
745062
745063
745081
745082
745083
745086
745102
745103
745106
745108
745120
745123
745126
745128
745130
745132
745136
745138
745160
745162
745163
745168
745180
745182
745183
745186
745201
745203
745208
745210
745213
745218
745230
745231
745238
745260
745261
745263
745268
745280
745281
745283
745301
745302
745306
745308
745310
745312
745316
745318
745320
745321
745326
745328
745360
745361
745362
745368
745380
745381
745382
745386
745601
745603
745608
745610
745613
745618
745620
745621
745623
745628
745630
745631
745638
745680
745681
745683
745801
745802
745803
745806
745812
745813
745816
745821
745823
745826
745831
745832
745836
745861
745862
745863
748012
748013
748015
748016
748021
748023
748025
748026
748031
748032
748035
748036
748051
748052
748053
748056
748102
748103
748105
748106
748120
748123
748125
748126
748130
748132
748135
748136
748150
748152
748153
748156
748201
748203
748205
748210
748213
748215
748230
748231
748235
748250
748251
748253
748301
748302
748306
748310
748312
748316
748320
748321
748326
748350
748351
748352
748356
748501
748502
748506
748510
748512
748516
748520
748521
748526
748530
748531
748532
748536
748601
748603
748605
748610
748613
748615
748620
748621
748623
748625
748630
748631
748635
748650
748651
748653
750123
750124
750126
750128
750132
750134
750136
750138
750142
750143
750146
750148
750162
750163
750164
750168
750182
750183
750184
750186
750213
750214
750216
750231
750234
750236
750241
750243
750246
750261
750263
750264
750281
750283
750284
750286
750312
750316
750318
750321
750326
750328
750341
750342
750346
750348
750361
750362
750368
750381
750382
750386
750412
750416
750418
750421
750426
750428
750431
750432
750436
750438
750461
750462
750468
750481
750482
750486
750612
750613
750614
750618
750621
750623
750624
750628
750631
750632
750634
750638
750641
750642
750643
750648
750681
750682
750683
750684
750813
750814
750816
750821
750823
750824
750826
750831
750834
750836
750841
750843
750846
750861
750863
750864
751023
751024
751026
751028
751032
751034
751036
751038
751062
751063
751064
751068
751082
751083
751084
751086
751203
751204
751206
751230
751234
751236
751260
751263
751264
751280
751283
751284
751286
751302
751306
751308
751320
751326
751328
751360
751362
751368
751380
751382
751386
751402
751406
751408
751420
751426
751428
751430
751432
751436
751438
751460
751462
751468
751480
751482
751486
751602
751603
751604
751608
751620
751623
751624
751628
751630
751632
751634
751638
751680
751682
751683
751684
751803
751804
751806
751820
751823
751824
751826
751830
751834
751836
751860
751863
751864
752013
752014
752016
752018
752031
752034
752036
752038
752041
752043
752046
752048
752061
752063
752064
752068
752081
752083
752084
752086
752103
752104
752106
752108
752130
752134
752136
752138
752140
752143
752146
752148
752160
752163
752164
752168
752180
752183
752184
752186
752301
752306
752308
752310
752316
752318
752340
752341
752346
752348
752360
752361
752368
752380
752381
752386
752401
752406
752408
752410
752416
752418
752430
752431
752436
752438
752460
752461
752468
752480
752481
752486
752601
752603
752604
752608
752610
752613
752614
752618
752630
752631
752634
752638
752640
752641
752643
752648
752680
752681
752683
752684
752801
752803
752804
752806
752810
752813
752814
752816
752830
752831
752834
752836
752840
752841
752843
752846
752860
752861
752863
752864
753012
753014
753016
753018
753021
753024
753026
753028
753041
753042
753046
753048
753061
753062
753064
753068
753081
753082
753084
753086
753102
753104
753106
753108
753120
753124
753126
753128
753140
753142
753146
753148
753160
753162
753164
753168
753180
753182
753184
753186
753201
753204
753206
753210
753214
753216
753240
753241
753246
753260
753261
753264
753280
753281
753284
753286
753401
753402
753406
753408
753410
753412
753416
753418
753420
753421
753426
753428
753460
753461
753462
753468
753480
753481
753482
753486
753601
753602
753604
753608
753610
753612
753614
753618
753620
753621
753624
753628
753640
753641
753642
753648
753680
753681
753682
753684
753801
753804
753806
753810
753814
753816
753820
753821
753824
753826
753840
753841
753846
753860
753861
753864
754021
754023
754026
754028
754031
754032
754036
754038
754061
754062
754063
754068
754081
754082
754083
754086
754102
754103
754106
754108
754120
754123
754126
754128
754130
754132
754136
754138
754160
754162
754163
754168
754180
754182
754183
754186
754201
754203
754206
754230
754231
754236
754260
754261
754263
754280
754281
754283
754286
754301
754302
754306
754308
754320
754321
754326
754328
754360
754361
754362
754368
754380
754381
754382
754386
754601
754602
754603
754608
754620
754621
754623
754628
754630
754631
754632
754638
754680
754681
754682
754683
754801
754803
754806
754820
754821
754823
754826
754830
754831
754836
754860
754861
754863
756012
756013
756014
756018
756021
756023
756024
756028
756031
756032
756034
756038
756041
756042
756043
756048
756102
756103
756104
756108
756120
756123
756124
756128
756130
756132
756134
756138
756140
756142
756143
756148
756201
756203
756204
756210
756213
756214
756230
756231
756234
756240
756241
756243
756301
756302
756308
756310
756312
756318
756320
756321
756328
756340
756341
756342
756348
756401
756402
756408
756410
756412
756418
756420
756421
756428
756430
756431
756432
756438
756801
756803
756804
756810
756813
756814
756820
756821
756823
756824
756830
756831
756834
756840
756841
756843
758012
758013
758014
758016
758021
758023
758024
758026
758031
758032
758034
758036
758041
758042
758043
758046
758102
758103
758104
758106
758120
758123
758124
758126
758130
758132
758134
758136
758140
758142
758143
758146
758201
758203
758204
758206
758210
758213
758214
758216
758230
758231
758234
758236
758240
758241
758243
758246
758301
758302
758306
758310
758312
758316
758320
758321
758326
758340
758341
758342
758346
758401
758402
758406
758410
758412
758416
758420
758421
758426
758430
758431
758432
758436
758601
758602
758603
758604
758610
758612
758613
758614
758620
758621
758623
758624
758630
758631
758632
758634
758640
758641
758642
758643
780123
780124
780125
780126
780132
780134
780135
780136
780142
780143
780145
780146
780152
780153
780154
780156
780162
780163
780164
780165
780213
780214
780216
780231
780234
780236
780241
780243
780246
780251
780253
780254
780256
780261
780263
780264
780312
780314
780315
780316
780321
780324
780325
780326
780341
780342
780345
780346
780351
780352
780354
780356
780361
780362
780364
780365
780412
780413
780415
780416
780421
780423
780425
780426
780431
780432
780435
780436
780451
780452
780453
780456
780461
780462
780463
780465
780513
780514
780516
780521
780523
780524
780526
780531
780534
780536
780541
780543
780546
780561
780563
780564
780612
780613
780614
780615
780621
780623
780624
780625
780631
780632
780634
780635
780641
780642
780643
780645
780651
780652
780653
780654
781023
781025
781026
781032
781035
781036
781052
781053
781056
781062
781063
781065
781203
781204
781206
781230
781234
781236
781250
781253
781254
781256
781260
781263
781264
781302
781304
781305
781306
781320
781324
781325
781326
781350
781352
781354
781356
781360
781362
781364
781365
781402
781403
781405
781406
781423
781425
781426
781432
781435
781436
781452
781453
781456
781462
781463
781465
781503
781504
781506
781520
781523
781524
781526
781530
781534
781536
781560
781563
781564
781602
781603
781604
781605
781620
781623
781624
781625
781630
781632
781634
781635
781650
781652
781653
781654
782013
782015
782016
782031
782035
782036
782041
782043
782045
782046
782051
782053
782056
782061
782063
782065
782103
782104
782105
782106
782130
782134
782135
782136
782140
782143
782145
782146
782150
782153
782154
782156
782160
782163
782164
782165
782301
782304
782305
782306
782310
782314
782315
782316
782340
782341
782345
782346
782350
782351
782354
782356
782360
782361
782364
782365
782401
782403
782405
782406
782413
782415
782416
782431
782435
782436
782451
782453
782456
782461
782463
782465
782501
782503
782504
782506
782510
782513
782514
782516
782530
782531
782534
782536
782540
782541
782543
782546
782560
782561
782563
782564
782601
782603
782604
782605
782610
782613
782614
782615
782630
782631
782634
782635
782640
782641
782643
782645
782650
782651
782653
782654
783012
783015
783016
783021
783025
783026
783041
783042
783045
783046
783051
783052
783056
783061
783062
783065
783102
783104
783105
783106
783120
783124
783125
783126
783140
783142
783145
783146
783150
783152
783154
783156
783160
783162
783164
783165
783201
783204
783206
783210
783214
783216
783240
783241
783246
783250
783251
783254
783256
783260
783261
783264
783401
783402
783405
783406
783412
783415
783416
783421
783425
783426
783451
783452
783456
783461
783462
783465
783501
783504
783506
783510
783514
783516
783520
783521
783524
783526
783540
783541
783546
783560
783561
783564
783601
783602
783604
783605
783610
783612
783614
783615
783620
783621
783624
783625
783640
783641
783642
783645
783650
783651
783652
783654
784021
784023
784025
784026
784031
784032
784035
784036
784051
784052
784053
784056
784061
784062
784063
784065
784102
784103
784105
784106
784120
784123
784125
784126
784130
784132
784135
784136
784150
784152
784153
784156
784160
784162
784163
784165
784201
784203
784206
784230
784231
784236
784250
784251
784253
784256
784260
784261
784263
784301
784302
784305
784306
784320
784321
784325
784326
784350
784351
784352
784356
784360
784361
784362
784365
784501
784503
784506
784520
784521
784523
784526
784530
784531
784536
784560
784561
784563
784601
784602
784603
784605
784620
784621
784623
784625
784630
784631
784632
784635
784650
784651
784652
784653
785012
785013
785016
785021
785023
785026
785031
785032
785036
785041
785042
785043
785046
785061
785062
785063
785102
785103
785104
785106
785120
785123
785124
785126
785130
785132
785134
785136
785140
785142
785143
785146
785160
785162
785163
785164
785201
785203
785204
785206
785210
785213
785214
785216
785230
785231
785234
785236
785240
785241
785243
785246
785260
785261
785263
785264
785301
785302
785304
785306
785310
785312
785314
785316
785320
785321
785324
785326
785340
785341
785342
785346
785360
785361
785362
785364
785401
785402
785403
785406
785412
785413
785416
785421
785423
785426
785431
785432
785436
785461
785462
785463
785601
785602
785603
785604
785610
785612
785613
785614
785620
785621
785623
785624
785630
785631
785632
785634
785640
785641
785642
785643
786012
786013
786015
786021
786023
786025
786031
786032
786035
786041
786042
786043
786045
786051
786052
786053
786102
786103
786104
786105
786120
786123
786124
786125
786130
786132
786134
786135
786140
786142
786143
786145
786150
786152
786153
786154
786201
786203
786204
786210
786213
786214
786230
786231
786234
786240
786241
786243
786250
786251
786253
786254
786301
786302
786304
786305
786310
786312
786314
786315
786320
786321
786324
786325
786340
786341
786342
786345
786350
786351
786352
786354
786401
786402
786403
786405
786412
786413
786415
786421
786423
786425
786431
786432
786435
786451
786452
786453
786501
786503
786504
786510
786513
786514
786520
786521
786523
786524
786530
786531
786534
786540
786541
786543
803124
803125
803126
803127
803145
803146
803147
803154
803156
803157
803164
803165
803167
803174
803175
803176
803214
803215
803216
803217
803245
803246
803247
803254
803256
803257
803264
803265
803267
803274
803275
803276
803412
803415
803416
803417
803421
803425
803426
803427
803451
803452
803456
803457
803461
803462
803465
803467
803471
803472
803475
803476
803512
803514
803516
803517
803521
803524
803526
803527
803541
803542
803546
803547
803561
803562
803564
803567
803571
803572
803574
803576
803612
803614
803615
803617
803621
803624
803625
803627
803641
803642
803645
803647
803651
803652
803654
803657
803671
803672
803674
803675
803712
803714
803715
803716
803721
803724
803725
803726
803741
803742
803745
803746
803751
803752
803754
803756
803761
803762
803764
803765
804312
804315
804317
804321
804325
804327
804351
804352
804357
804361
804362
804365
804367
804371
804372
804375
804612
804615
804617
804621
804625
804627
804631
804632
804635
804637
804651
804652
804657
804671
804672
804675
804712
804713
804715
804716
804721
804723
804725
804726
804731
804732
804735
804736
804751
804752
804753
804756
804761
804762
804763
804765
806123
806124
806125
806127
806134
806135
806137
806143
806145
806147
806153
806154
806157
806213
806214
806215
806217
806234
806235
806237
806243
806245
806247
806253
806254
806257
806312
806314
806315
806317
806321
806324
806325
806327
806341
806342
806345
806347
806351
806352
806354
806357
806412
806413
806415
806417
806421
806423
806425
806427
806431
806432
806435
806437
806451
806452
806453
806457
806512
806513
806514
806517
806521
806523
806524
806527
806531
806532
806534
806537
806541
806542
806543
806547
806712
806713
806714
806715
806721
806723
806724
806725
806731
806732
806734
806735
806741
806742
806743
806745
806751
806752
806753
806754
807123
807124
807125
807126
807134
807135
807136
807143
807145
807146
807153
807154
807156
807213
807214
807215
807216
807234
807235
807236
807243
807245
807246
807253
807254
807256
807312
807314
807315
807321
807324
807325
807341
807342
807345
807351
807352
807354
807412
807413
807415
807416
807421
807423
807425
807426
807431
807432
807435
807436
807451
807452
807453
807456
807512
807513
807514
807516
807521
807523
807524
807526
807531
807532
807534
807536
807541
807542
807543
807546
807612
807614
807615
807621
807624
807625
807631
807632
807634
807635
807641
807642
807645
807651
807652
807654
830124
830125
830126
830127
830152
830154
830156
830157
830162
830164
830165
830167
830172
830174
830175
830176
830214
830215
830216
830217
830251
830254
830256
830257
830261
830264
830265
830267
830271
830274
830275
830276
830412
830416
830417
830421
830426
830427
830451
830452
830456
830457
830461
830462
830467
830471
830472
830476
830512
830516
830517
830521
830526
830527
830561
830562
830567
830571
830572
830576
830612
830614
830615
830617
830621
830624
830625
830627
830651
830652
830654
830657
830671
830672
830674
830675
830712
830714
830715
830716
830721
830724
830725
830726
830751
830752
830754
830756
830761
830762
830764
830765
831024
831025
831027
831042
831045
831047
831052
831054
831057
831062
831064
831065
831067
831072
831074
831075
831204
831205
831206
831207
831240
831245
831246
831247
831250
831254
831256
831257
831260
831264
831265
831267
831270
831274
831275
831276
831402
831406
831407
831420
831426
831427
831450
831452
831456
831457
831460
831462
831467
831470
831472
831476
831502
831506
831507
831520
831526
831527
831540
831542
831546
831547
831560
831562
831567
831570
831572
831576
831602
831604
831605
831607
831624
831625
831627
831642
831645
831647
831652
831654
831657
831672
831674
831675
831702
831704
831705
831706
831720
831724
831725
831726
831740
831742
831745
831746
831750
831752
831754
831756
831760
831762
831764
831765
832014
832015
832017
832041
832045
832047
832061
832064
832065
832067
832071
832074
832075
832104
832105
832106
832107
832140
832145
832146
832147
832160
832164
832165
832167
832170
832174
832175
832176
832401
832406
832407
832410
832416
832417
832460
832461
832467
832470
832471
832476
832501
832506
832507
832510
832516
832517
832540
832541
832546
832547
832560
832561
832567
832570
832571
832576
832601
832604
832605
832607
832614
832615
832617
832641
832645
832647
832671
832674
832675
832701
832704
832705
832706
832710
832714
832715
832716
832740
832741
832745
832746
832760
832761
832764
832765
834012
834015
834017
834021
834025
834027
834051
834052
834057
834061
834062
834065
834067
834071
834072
834075
834120
834125
834126
834127
834150
834152
834156
834157
834160
834162
834165
834167
834170
834172
834175
834176
834210
834215
834216
834217
834250
834251
834256
834257
834260
834261
834265
834267
834270
834271
834275
834276
834510
834512
834516
834517
834520
834521
834526
834527
834560
834561
834562
834567
834570
834571
834572
834576
834612
834615
834617
834621
834625
834627
834651
834652
834657
834671
834672
834675
834710
834712
834715
834716
834720
834721
834725
834726
834750
834751
834752
834756
834760
834761
834762
834765
835012
835014
835017
835041
835042
835047
835061
835062
835064
835067
835071
835072
835074
835102
835104
835106
835107
835140
835142
835146
835147
835160
835162
835164
835167
835170
835172
835174
835176
835201
835204
835206
835207
835210
835214
835216
835217
835240
835241
835246
835247
835260
835261
835264
835267
835270
835271
835274
835276
835401
835402
835406
835407
835410
835412
835416
835417
835460
835461
835462
835467
835470
835471
835472
835476
835601
835602
835604
835607
835612
835614
835617
835641
835642
835647
835671
835672
835674
835701
835702
835704
835706
835710
835712
835714
835716
835740
835741
835742
835746
835760
835761
835762
835764
836012
836014
836015
836017
836021
836024
836025
836027
836041
836042
836045
836047
836051
836052
836054
836057
836102
836104
836105
836107
836120
836124
836125
836127
836140
836142
836145
836147
836150
836152
836154
836157
836201
836204
836205
836207
836210
836214
836215
836217
836240
836241
836245
836247
836250
836251
836254
836257
836401
836402
836407
836410
836412
836417
836420
836421
836427
836450
836451
836452
836457
836501
836502
836507
836510
836512
836517
836520
836521
836527
836540
836541
836542
836547
836701
836702
836704
836705
836710
836712
836714
836715
836720
836721
836724
836725
836740
836741
836742
836745
836750
836751
836752
836754
837012
837014
837015
837021
837024
837025
837041
837042
837045
837051
837052
837054
837102
837104
837105
837106
837120
837124
837125
837126
837140
837142
837145
837146
837150
837152
837154
837156
837201
837204
837205
837206
837210
837214
837215
837216
837240
837241
837245
837246
837250
837251
837254
837256
837401
837402
837406
837410
837412
837416
837420
837421
837426
837450
837451
837452
837456
837501
837502
837506
837510
837512
837516
837520
837521
837526
837540
837541
837542
837546
837601
837602
837604
837605
837612
837614
837615
837621
837624
837625
837641
837642
837645
837651
837652
837654
840312
840316
840317
840321
840326
840327
840351
840352
840356
840357
840361
840362
840367
840371
840372
840376
840613
840615
840617
840621
840623
840625
840627
840631
840635
840637
840651
840653
840657
840671
840673
840675
840712
840713
840715
840716
840723
840725
840726
840732
840735
840736
840752
840753
840756
840762
840763
840765
843012
843015
843016
843017
843021
843025
843026
843027
843051
843052
843056
843057
843061
843062
843065
843067
843071
843072
843075
843076
843102
843105
843106
843120
843125
843126
843150
843152
843156
843160
843162
843165
843170
843172
843175
843176
843201
843205
843207
843210
843215
843217
843250
843251
843257
843260
843261
843265
843267
843270
843271
843275
843501
843502
843506
843507
843510
843512
843516
843517
843520
843521
843526
843527
843560
843561
843562
843567
843570
843571
843572
843576
843601
843605
843607
843610
843615
843617
843620
843621
843625
843627
843650
843651
843657
843670
843671
843675
843702
843705
843706
843710
843712
843715
843716
843720
843725
843726
843750
843752
843756
843760
843762
843765
846012
846013
846015
846017
846021
846023
846025
846027
846031
846032
846035
846037
846051
846052
846053
846057
846102
846103
846105
846120
846123
846125
846130
846132
846135
846150
846152
846153
846201
846203
846205
846207
846210
846213
846215
846217
846230
846231
846235
846237
846250
846251
846253
846257
846301
846302
846307
846310
846312
846317
846320
846321
846327
846350
846351
846352
846357
846501
846502
846507
846510
846512
846517
846520
846521
846527
846530
846531
846532
846537
846702
846703
846705
846710
846712
846713
846715
846720
846723
846725
846730
846732
846735
846750
846752
846753
847012
847013
847015
847016
847021
847023
847025
847026
847031
847032
847035
847036
847051
847052
847053
847056
847102
847103
847105
847106
847120
847123
847125
847126
847130
847132
847135
847136
847150
847152
847153
847156
847201
847203
847205
847210
847213
847215
847230
847231
847235
847250
847251
847253
847301
847302
847306
847310
847312
847316
847320
847321
847326
847350
847351
847352
847356
847501
847502
847506
847510
847512
847516
847520
847521
847526
847530
847531
847532
847536
847601
847603
847605
847610
847613
847615
847620
847621
847623
847625
847630
847631
847635
847650
847651
847653
860123
860124
860125
860127
860132
860134
860135
860137
860152
860153
860154
860157
860172
860173
860174
860175
860213
860215
860217
860231
860235
860237
860251
860253
860257
860271
860273
860275
860312
860314
860315
860317
860321
860324
860325
860327
860351
860352
860354
860357
860371
860372
860374
860375
860413
860415
860417
860421
860423
860425
860427
860431
860435
860437
860451
860453
860457
860471
860473
860475
860512
860513
860514
860517
860521
860523
860524
860527
860531
860532
860534
860537
860571
860572
860573
860574
860712
860713
860714
860715
860721
860723
860724
860725
860731
860732
860734
860735
860751
860752
860753
860754
861024
861025
861027
861032
861034
861035
861037
861042
861045
861047
861052
861054
861057
861072
861074
861075
861203
861205
861207
861230
861235
861237
861240
861243
861245
861247
861250
861253
861257
861270
861273
861275
861302
861304
861305
861307
861324
861325
861327
861342
861345
861347
861352
861354
861357
861372
861374
861375
861403
861405
861407
861420
861423
861425
861427
861430
861435
861437
861450
861453
861457
861470
861473
861475
861502
861503
861504
861507
861520
861523
861524
861527
861530
861532
861534
861537
861540
861542
861543
861547
861570
861572
861573
861574
861702
861703
861704
861705
861720
861723
861724
861725
861730
861732
861734
861735
861740
861742
861743
861745
861750
861752
861753
861754
862014
862015
862017
862031
862034
862035
862037
862041
862045
862047
862071
862074
862075
862103
862104
862105
862107
862130
862134
862135
862137
862140
862143
862145
862147
862170
862173
862174
862175
862301
862304
862305
862307
862314
862315
862317
862341
862345
862347
862371
862374
862375
862401
862403
862405
862407
862410
862413
862415
862417
862430
862431
862435
862437
862470
862471
862473
862475
862501
862503
862504
862507
862510
862513
862514
862517
862530
862531
862534
862537
862540
862541
862543
862547
862570
862571
862573
862574
862701
862703
862704
862705
862710
862713
862714
862715
862730
862731
862734
862735
862740
862741
862743
862745
863012
863014
863015
863017
863021
863024
863025
863027
863041
863042
863045
863047
863051
863052
863054
863057
863071
863072
863074
863075
863102
863104
863105
863107
863120
863124
863125
863127
863140
863142
863145
863147
863150
863152
863154
863157
863170
863172
863174
863175
863201
863205
863207
863210
863215
863217
863240
863241
863245
863247
863250
863251
863257
863270
863271
863275
863401
863405
863407
863410
863415
863417
863420
863421
863425
863427
863450
863451
863457
863470
863471
863475
863501
863502
863504
863507
863510
863512
863514
863517
863520
863521
863524
863527
863540
863541
863542
863547
863570
863571
863572
863574
863701
863702
863704
863705
863710
863712
863714
863715
863720
863721
863724
863725
863740
863741
863742
863745
863750
863751
863752
863754
864012
864015
864017
864021
864025
864027
864031
864032
864035
864037
864051
864052
864057
864071
864072
864075
864120
864123
864125
864127
864130
864132
864135
864137
864150
864152
864153
864157
864170
864172
864173
864175
864210
864213
864215
864217
864230
864231
864235
864237
864250
864251
864253
864257
864270
864271
864273
864275
864312
864315
864317
864321
864325
864327
864351
864352
864357
864371
864372
864375
864510
864512
864513
864517
864520
864521
864523
864527
864530
864531
864532
864537
864570
864571
864572
864573
864710
864712
864713
864715
864720
864721
864723
864725
864730
864731
864732
864735
864750
864751
864752
864753
865012
865014
865017
865031
865032
865034
865037
865041
865042
865047
865071
865072
865074
865102
865103
865104
865107
865130
865132
865134
865137
865140
865142
865143
865147
865170
865172
865173
865174
865201
865203
865207
865210
865213
865217
865230
865231
865237
865240
865241
865243
865247
865270
865271
865273
865301
865302
865304
865307
865312
865314
865317
865341
865342
865347
865371
865372
865374
865401
865403
865407
865410
865413
865417
865430
865431
865437
865470
865471
865473
865701
865702
865703
865704
865710
865712
865713
865714
865730
865731
865732
865734
865740
865741
865742
865743
867012
867014
867015
867021
867024
867025
867031
867032
867034
867035
867041
867042
867045
867051
867052
867054
867102
867103
867104
867105
867120
867123
867124
867125
867130
867132
867134
867135
867140
867142
867143
867145
867150
867152
867153
867154
867201
867203
867205
867210
867213
867215
867230
867231
867235
867240
867241
867243
867245
867250
867251
867253
867301
867302
867304
867305
867312
867314
867315
867321
867324
867325
867341
867342
867345
867351
867352
867354
867401
867403
867405
867410
867413
867415
867420
867421
867423
867425
867430
867431
867435
867450
867451
867453
867501
867502
867503
867504
867510
867512
867513
867514
867520
867521
867523
867524
867530
867531
867532
867534
867540
867541
867542
867543
870123
870125
870126
870132
870135
870136
870152
870153
870156
870162
870163
870165
870213
870214
870215
870216
870231
870234
870235
870236
870251
870253
870254
870256
870261
870263
870264
870265
870312
870314
870315
870316
870321
870324
870325
870326
870351
870352
870354
870356
870361
870362
870364
870365
870412
870413
870415
870416
870423
870425
870426
870432
870435
870436
870452
870453
870456
870462
870463
870465
870512
870513
870514
870516
870521
870523
870524
870526
870531
870532
870534
870536
870561
870562
870563
870564
870612
870613
870614
870615
870621
870623
870624
870625
870631
870632
870634
870635
870651
870652
870653
870654
871023
871024
871025
871026
871032
871034
871035
871036
871042
871043
871045
871046
871052
871053
871054
871056
871062
871063
871064
871065
871203
871204
871205
871206
871230
871234
871235
871236
871240
871243
871245
871246
871250
871253
871254
871256
871260
871263
871264
871265
871302
871304
871305
871306
871320
871324
871325
871326
871340
871342
871345
871346
871350
871352
871354
871356
871360
871362
871364
871365
871402
871403
871405
871406
871420
871423
871425
871426
871430
871432
871435
871436
871450
871452
871453
871456
871460
871462
871463
871465
871502
871503
871504
871506
871520
871523
871524
871526
871530
871532
871534
871536
871540
871542
871543
871546
871560
871562
871563
871564
871602
871603
871604
871605
871620
871623
871624
871625
871630
871632
871634
871635
871640
871642
871643
871645
871650
871652
871653
871654
872013
872014
872015
872016
872031
872034
872035
872036
872041
872043
872045
872046
872061
872063
872064
872065
872103
872105
872106
872130
872135
872136
872140
872143
872145
872146
872160
872163
872165
872301
872304
872305
872306
872310
872314
872315
872316
872340
872341
872345
872346
872360
872361
872364
872365
872403
872405
872406
872410
872413
872415
872416
872430
872435
872436
872460
872463
872465
872501
872503
872504
872506
872510
872513
872514
872516
872530
872531
872534
872536
872540
872541
872543
872546
872560
872561
872563
872564
872601
872603
872604
872605
872610
872613
872614
872615
872630
872631
872634
872635
872640
872641
872643
872645
873012
873014
873015
873016
873021
873024
873025
873026
873041
873042
873045
873046
873051
873052
873054
873056
873061
873062
873064
873065
873102
873105
873106
873120
873125
873126
873140
873142
873145
873146
873150
873152
873156
873160
873162
873165
873201
873204
873205
873206
873210
873214
873215
873216
873240
873241
873245
873246
873250
873251
873254
873256
873260
873261
873264
873265
873402
873405
873406
873410
873412
873415
873416
873420
873425
873426
873450
873452
873456
873460
873462
873465
873501
873502
873504
873506
873510
873512
873514
873516
873520
873521
873524
873526
873540
873541
873542
873546
873560
873561
873562
873564
873601
873602
873604
873605
873610
873612
873614
873615
873620
873621
873624
873625
873640
873641
873642
873645
873650
873651
873652
873654
874012
874013
874015
874016
874021
874023
874025
874026
874031
874032
874035
874036
874051
874052
874053
874056
874061
874062
874063
874065
874120
874123
874125
874126
874130
874132
874135
874136
874150
874152
874153
874156
874160
874162
874163
874165
874210
874213
874215
874216
874230
874231
874235
874236
874250
874251
874253
874256
874260
874261
874263
874265
874310
874312
874315
874316
874320
874321
874325
874326
874350
874351
874352
874356
874360
874361
874362
874365
874510
874512
874513
874516
874520
874521
874523
874526
874530
874531
874532
874536
874560
874561
874562
874563
874610
874612
874613
874615
874620
874621
874623
874625
874630
874631
874632
874635
874650
874651
874652
874653
875012
875013
875014
875016
875031
875032
875034
875036
875041
875042
875043
875046
875061
875062
875063
875064
875102
875103
875106
875130
875132
875136
875140
875142
875143
875146
875160
875162
875163
875201
875203
875204
875206
875210
875213
875214
875216
875230
875231
875234
875236
875240
875241
875243
875246
875260
875261
875263
875264
875301
875302
875304
875306
875310
875312
875314
875316
875340
875341
875342
875346
875360
875361
875362
875364
875402
875403
875406
875410
875412
875413
875416
875430
875432
875436
875460
875462
875463
875601
875602
875603
875604
875610
875612
875613
875614
875630
875631
875632
875634
875640
875641
875642
875643
876012
876013
876014
876015
876021
876023
876024
876025
876031
876032
876034
876035
876041
876042
876043
876045
876051
876052
876053
876054
876102
876103
876105
876120
876123
876125
876130
876132
876135
876140
876142
876143
876145
876150
876152
876153
876201
876203
876204
876205
876210
876213
876214
876215
876230
876231
876234
876235
876240
876241
876243
876245
876250
876251
876253
876254
876301
876302
876304
876305
876310
876312
876314
876315
876320
876321
876324
876325
876340
876341
876342
876345
876350
876351
876352
876354
876402
876403
876405
876410
876412
876413
876415
876420
876423
876425
876430
876432
876435
876450
876452
876453
876501
876502
876503
876504
876510
876512
876513
876514
876520
876521
876523
876524
876530
876531
876532
876534
876540
876541
876542
876543
