47120
47123
47125
47126
47128
47150
47152
47153
47156
47158
47180
47182
47183
47185
47186
47201
47203
47205
47208
47210
47213
47215
47218
47230
47231
47235
47238
47250
47251
47253
47258
47260
47261
47263
47265
47268
47280
47281
47283
47285
47501
47502
47506
47508
47510
47512
47516
47518
47520
47521
47526
47528
47530
47531
47532
47536
47538
47560
47561
47562
47568
47580
47581
47582
47586
47801
47802
47803
47805
47806
47812
47813
47815
47816
47821
47823
47825
47826
47831
47832
47835
47836
47851
47852
47853
47856
47861
47862
47863
47865
48031
48032
48035
48036
48037
48061
48062
48063
48065
48067
48071
48072
48073
48075
48076
48301
48302
48306
48307
48310
48312
48316
48317
48320
48321
48326
48327
48350
48351
48352
48356
48357
48360
48361
48362
48367
48370
48371
48372
48376
48601
48603
48605
48607
48610
48613
48615
48617
48620
48621
48623
48625
48627
48630
48631
48635
48637
48650
48651
48653
48657
48670
48671
48673
48675
48702
48703
48705
48706
48710
48712
48713
48715
48716
48720
48723
48725
48726
48730
48732
48735
48736
48750
48752
48753
48756
48760
48762
48763
48765
71203
71204
71205
71206
71208
71230
71234
71235
71236
71238
71240
71243
71245
71246
71248
71250
71253
71254
71256
71258
71260
71263
71264
71265
71268
71280
71283
71284
71285
71286
71420
71423
71425
71426
71428
71450
71452
71453
71456
71458
71480
71482
71483
71485
71486
71502
71503
71504
71506
71508
71520
71523
71524
71526
71528
71530
71532
71534
71536
71538
71540
71542
71543
71546
71548
71560
71562
71563
71564
71568
71580
71582
71583
71584
71586
71802
71803
71804
71805
71820
71823
71824
71825
71830
71832
71834
71835
71840
71842
71843
71845
71850
71852
71853
71854
71860
71862
71863
71864
71865
72013
72014
72015
72016
72018
72031
72034
72035
72036
72038
72041
72043
72045
72046
72048
72051
72053
72054
72056
72058
72061
72063
72064
72065
72068
72081
72083
72084
72085
72086
72103
72105
72106
72108
72130
72135
72136
72138
72140
72143
72145
72146
72148
72150
72153
72156
72158
72160
72163
72165
72168
72180
72183
72185
72186
72301
72304
72305
72306
72308
72310
72314
72315
72316
72318
72340
72341
72345
72346
72348
72350
72351
72354
72356
72358
72360
72361
72364
72365
72368
72380
72381
72384
72385
72386
72403
72405
72406
72408
72410
72413
72415
72416
72418
72430
72435
72436
72438
72450
72453
72456
72458
72460
72463
72465
72468
72480
72483
72485
72486
72501
72503
72504
72506
72508
72510
72513
72514
72516
72518
72530
72531
72534
72536
72538
72540
72541
72543
72546
72548
72560
72561
72563
72564
72568
72580
72581
72583
72584
72586
72601
72603
72604
72605
72610
72613
72614
72615
72630
72631
72634
72635
72640
72641
72643
72645
72650
72651
72653
72654
72680
72681
72683
72684
72685
72801
72803
72804
72805
72810
72813
72814
72815
72830
72831
72834
72835
72840
72841
72843
72845
72850
72851
72853
72854
72860
72861
72863
72864
72865
74120
74123
74125
74126
74128
74150
74152
74153
74156
74158
74180
74182
74183
74185
74186
74201
74203
74205
74206
74208
74210
74213
74215
74216
74218
74230
74231
74235
74236
74238
74250
74251
74253
74256
74258
74260
74261
74263
74265
74268
74280
74281
74283
74285
74286
74501
74502
74503
74506
74508
74510
74512
74513
74516
74518
74520
74521
74523
74526
74528
74530
74531
74532
74536
74538
74560
74561
74562
74563
74568
74580
74581
74582
74583
74586
74801
74802
74803
74805
74810
74812
74813
74815
74820
74821
74823
74825
74830
74831
74832
74835
74850
74851
74852
74853
74860
74861
74862
74863
74865
75012
75013
75014
75016
75018
75021
75023
75024
75026
75028
75031
75032
75034
75036
75038
75041
75042
75043
75046
75048
75061
75062
75063
75064
75068
75081
75082
75083
75084
75086
75102
75103
75106
75108
75120
75123
75126
75128
75130
75132
75136
75138
75140
75142
75143
75146
75148
75160
75162
75163
75168
75180
75182
75183
75186
75201
75203
75204
75206
75208
75210
75213
75214
75216
75218
75230
75231
75234
75236
75238
75240
75241
75243
75246
75248
75260
75261
75263
75264
75268
75280
75281
75283
75284
75286
75301
75302
75304
75306
75308
75310
75312
75314
75316
75318
75320
75321
75324
75326
75328
75340
75341
75342
75346
75348
75360
75361
75362
75364
75368
75380
75381
75382
75384
75386
75402
75403
75406
75408
75410
75412
75413
75416
75418
75420
75423
75426
75428
75430
75432
75436
75438
75460
75462
75463
75468
75480
75482
75483
75486
75601
75602
75603
75604
75610
75612
75613
75614
75620
75621
75623
75624
75630
75631
75632
75634
75640
75641
75642
75643
75680
75681
75682
75683
75684
75801
75802
75803
75804
75810
75812
75813
75814
75820
75821
75823
75824
75830
75831
75832
75834
75840
75841
75842
75843
75860
75861
75862
75863
75864
78012
78013
78014
78015
78016
78021
78023
78024
78025
78026
78031
78032
78034
78035
78036
78041
78042
78043
78045
78046
78051
78052
78053
78054
78056
78061
78062
78063
78064
78065
78102
78103
78105
78106
78120
78123
78125
78126
78130
78132
78135
78136
78140
78142
78143
78145
78146
78150
78152
78153
78156
78160
78162
78163
78165
78201
78203
78204
78205
78206
78210
78213
78214
78215
78216
78230
78231
78234
78235
78236
78240
78241
78243
78245
78246
78250
78251
78253
78254
78256
78260
78261
78263
78264
78265
78301
78302
78304
78305
78306
78310
78312
78314
78315
78316
78320
78321
78324
78325
78326
78340
78341
78342
78345
78346
78350
78351
78352
78354
78356
78360
78361
78362
78364
78365
78402
78403
78405
78406
78410
78412
78413
78415
78416
78420
78423
78425
78426
78430
78432
78435
78436
78450
78452
78453
78456
78460
78462
78463
78465
78501
78502
78503
78504
78506
78510
78512
78513
78514
78516
78520
78521
78523
78524
78526
78530
78531
78532
78534
78536
78540
78541
78542
78543
78546
78560
78561
78562
78563
78564
78601
78602
78603
78604
78605
78610
78612
78613
78614
78615
78620
78621
78623
78624
78625
78630
78631
78632
78634
78635
78640
78641
78642
78643
78645
78650
78651
78652
78653
78654
80312
80314
80315
80316
80317
80321
80324
80325
80326
80327
80341
80342
80345
80346
80347
80351
80352
80354
80356
80357
80361
80362
80364
80365
80367
80371
80372
80374
80375
80376
80431
80432
80435
80436
80437
80461
80462
80463
80465
80467
80471
80472
80473
80475
80476
80612
80613
80614
80615
80621
80623
80624
80625
80631
80632
80634
80635
80641
80642
80643
80645
80651
80652
80653
80654
80671
80672
80673
80674
80675
80712
80713
80714
80715
80721
80723
80724
80725
80731
80732
80734
80735
80741
80742
80743
80745
80751
80752
80753
80754
80761
80762
80763
80764
80765
83012
83015
83016
83017
83021
83025
83026
83027
83041
83042
83045
83046
83047
83051
83052
83056
83057
83061
83062
83065
83067
83071
83072
83075
83076
83102
83104
83105
83106
83107
83120
83124
83125
83126
83127
83140
83142
83145
83146
83147
83150
83152
83154
83156
83157
83160
83162
83164
83165
83167
83170
83172
83174
83175
83176
83201
83204
83206
83207
83210
83214
83216
83217
83240
83241
83246
83247
83250
83251
83254
83256
83257
83260
83261
83264
83267
83270
83271
83274
83276
83401
83402
83405
83406
83407
83412
83415
83416
83417
83421
83425
83426
83427
83451
83452
83456
83457
83461
83462
83465
83467
83471
83472
83475
83476
83501
83504
83506
83507
83510
83514
83516
83517
83520
83521
83524
83526
83527
83540
83541
83546
83547
83560
83561
83564
83567
83570
83571
83574
83576
83601
83602
83604
83605
83610
83612
83614
83615
83620
83621
83624
83625
83640
83641
83642
83645
83650
83651
83652
83654
83670
83671
83672
83674
83675
83701
83702
83704
83705
83710
83712
83714
83715
83720
83721
83724
83725
83740
83741
83742
83745
83750
83751
83752
83754
83760
83761
83762
83764
83765
84031
84032
84035
84036
84037
84061
84062
84063
84065
84067
84071
84072
84073
84075
84076
84301
84302
84305
84306
84307
84310
84312
84315
84316
84317
84320
84321
84325
84326
84327
84350
84351
84352
84356
84357
84360
84361
84362
84365
84367
84370
84371
84372
84375
84376
84601
84602
84603
84605
84610
84612
84613
84615
84620
84621
84623
84625
84630
84631
84632
84635
84650
84651
84652
84653
84670
84671
84672
84673
84675
84701
84702
84703
84705
84710
84712
84713
84715
84720
84721
84723
84725
84730
84731
84732
84735
84750
84751
84752
84753
84760
84761
84762
84763
84765
86012
86013
86015
86017
86021
86023
86025
86027
86031
86032
86035
86037
86041
86042
86043
86045
86047
86051
86052
86053
86057
86071
86072
86073
86075
86102
86103
86104
86105
86107
86120
86123
86124
86125
86127
86130
86132
86134
86135
86137
86140
86142
86143
86145
86147
86150
86152
86153
86154
86157
86170
86172
86173
86174
86175
86201
86203
86204
86207
86210
86213
86214
86217
86230
86231
86234
86237
86240
86241
86243
86247
86250
86251
86253
86254
86257
86270
86271
86273
86274
86301
86302
86304
86305
86307
86310
86312
86314
86315
86317
86320
86321
86324
86325
86327
86340
86341
86342
86345
86347
86350
86351
86352
86354
86357
86370
86371
86372
86374
86375
86401
86402
86403
86405
86407
86412
86413
86415
86417
86421
86423
86425
86427
86431
86432
86435
86437
86451
86452
86453
86457
86471
86472
86473
86475
86501
86503
86504
86507
86510
86513
86514
86517
86520
86521
86523
86524
86527
86530
86531
86534
86537
86540
86541
86543
86547
86570
86571
86573
86574
86701
86702
86703
86704
86705
86710
86712
86713
86714
86715
86720
86721
86723
86724
86725
86730
86731
86732
86734
86735
86740
86741
86742
86743
86745
86750
86751
86752
86753
86754
87012
87013
87015
87016
87021
87023
87025
87026
87031
87032
87035
87036
87041
87042
87043
87045
87046
87051
87052
87053
87056
87061
87062
87063
87065
87102
87103
87104
87105
87106
87120
87123
87124
87125
87126
87130
87132
87134
87135
87136
87140
87142
87143
87145
87146
87150
87152
87153
87154
87156
87160
87162
87163
87164
87165
87201
87203
87204
87206
87210
87213
87214
87216
87230
87231
87234
87236
87240
87241
87243
87246
87250
87251
87253
87254
87256
87260
87261
87263
87264
87301
87302
87304
87305
87306
87310
87312
87314
87315
87316
87320
87321
87324
87325
87326
87340
87341
87342
87345
87346
87350
87351
87352
87354
87356
87360
87361
87362
87364
87365
87401
87402
87403
87405
87406
87412
87413
87415
87416
87421
87423
87425
87426
87431
87432
87435
87436
87451
87452
87453
87456
87461
87462
87463
87465
87501
87503
87504
87506
87510
87513
87514
87516
87520
87521
87523
87524
87526
87530
87531
87534
87536
87540
87541
87543
87546
87560
87561
87563
87564
87601
87602
87603
87604
87605
87610
87612
87613
87614
87615
87620
87621
87623
87624
87625
87630
87631
87632
87634
87635
87640
87641
87642
87643
87645
87650
87651
87652
87653
87654
