121212100
121210201
121210021
121210102
121221001
121201201
121201021
121120102
121010221
121001221
122112100
122112001
122111200
122110201
122111020
122110120
122110021
122111002
122110102
122121100
122101120
122101102
122120110
122102110
122100112
122120101
122102101
120121102
120122110
120120112
120122101
120112201
120112120
120112021
120112102
120102112
120111220
120110221
120111202
120111022
122211001
122011201
122012101
122210011
122010211
122020111
112122100
112120102
112012210
112010212
102121102
102122110
102111022
212112010
212111200
212111020
212110012
210112012
