121200000
121020000
121000200
121000020
122100000
120120000
120102000
120100200
120100020
120100002
122010000
120210000
120012000
120010200
120010020
120010002
122001000
120201000
120021000
120001200
120001020
120001002
122000100
120020100
120002100
120000120
120000102
122000010
120020010
120002010
120000210
120000012
122000001
120200001
120020001
120002001
120000201
120000021
112020000
112002000
112000200
112000020
112000002
102120000
102102000
102100020
102100002
102012000
102010200
102010020
102010002
102021000
102001200
102001020
102001002
102020100
102002100
102000102
102020010
102002010
102000012
102020001
102000201
110022000
110020020
110020002
101020020
100021020
100021002
110002020
110002002
100102002
100012020
100012002
100002012
212100000
210120000
210102000
210100002
212010000
210210000
210012000
210010200
210010020
210010002
210201000
210021000
210001200
210001020
210001002
212000010
210200010
210020010
210002010
210000210
210000012
010212000
010210200
010210020
010210002
010221000
010201200
010201020
010220010
010202010
010120002
010010220
010010202
