121212010
121211200
121210210
121211020
121211002
121210012
121221100
121221010
121201210
121201120
121201102
121201012
121220101
121202101
121220011
121200211
121121200
121120210
121120201
121120012
121020112
121110220
121101220
121100221
121110202
121101202
121100212
121011220
121010212
122112010
122110210
122110012
122121010
122121001
122101210
122101201
122101021
122101012
122120011
122102011
122100211
120121210
120121201
120121012
120122011
120120211
120112210
120112012
120102211
120110212
120101212
122211010
122011210
122011120
122011102
122011012
122012110
122010112
120211012
120012112
120011212
122021110
122021101
122001112
122201011
122021011
122001211
120221011
120021112
120021211
112122010
112121020
112121002
112120012
112021102
112021012
112022110
112020112
112112200
112102210
112112020
112110202
112101202
112011220
112011202
112001212
112110022
112101022
112011022
102121012
102011212
110122012
110112022
212121010
212101210
