121212000
121210200
121210020
121210002
121221000
121201200
121201020
121201002
121220100
121202100
121200102
121220010
121202010
121200210
121200012
121220001
121200201
121200021
121120200
121120002
121020102
121020210
121100220
121100202
121010220
121010202
121001220
121000212
121000221
122112000
122110200
122110020
122110002
122121000
122101200
122101020
122101002
122120010
122102010
122100210
122100012
122120001
122102001
122100201
122100021
120121200
120121002
120122010
120120210
120120012
120122001
120120201
120112200
120112020
120112002
120102210
120102012
120102201
120102021
120110220
120110202
120101220
120101202
120100212
120100221
120110022
120101022
122211000
122011200
122011020
122011002
122012100
122010120
122010102
122210010
122012010
122010210
122010012
120211020
120211002
120012120
120012102
120012210
120012012
120011220
120011202
120010212
120011022
122021100
122001120
122001102
122201010
122021010
122001210
122001012
122201001
122021001
122001201
120221010
120201012
120221001
120201201
120021102
120021210
120021012
120021201
120001212
122020110
122002110
122000112
122020101
122002101
120022110
120020112
120022101
120002112
122020011
122000211
120020211
112122000
112120020
112120002
112021020
112021002
112022100
112020102
112022010
112020012
112102200
112102020
112012200
112012020
112002210
112100202
112010220
112010202
112001220
112001202
112000212
112100022
112010022
112001022
102121020
102121002
102122010
102120012
102112020
102110022
102101022
102012210
102011202
102011022
102021102
102021012
102001212
102022110
110122020
110122002
110022012
110021022
110102022
110012022
212112000
212110200
212110020
212110002
212121000
212101200
212101020
212120010
212102010
212100012
210121020
210112020
210112002
210102012
210211020
210211002
210011220
210011202
210221010
210021210
010211220
